56.40538596431995
62.17435299138347
15.665196294839737
10.125666541041833
11.651642397028663
12.785742045854773
12.653983017512218
27.04136977496336
39.404952813302586
25.816418450624415
25.561884182861377
125.4073220966129
13.800285808910912
13.490058455412868
12.607142775788033
13.68779246061032
15.366595182730546
23.43160728410502
10.692247603855733
11.250962112477492
133.3236087170342
10.453106181003964
14.709608741912106
18.686726001242565
22.407514033329292
16.099890741898015
12.49741304600962
13.739011833045529
26.11381573359438
11.446982923303333
19.415158998062097
18.56876891199489
49.43405868927107
10.264616986254074
7.33139697291027
7.112152096099754
8.5005053460014
6.312548570241113
7.287757391056149
7.03402167048479
6.770536372743404
7.099304513147567
6.776600661413227
7.236467743764437
7.75846746944855
5.902025151387982
8.192043165045542
7.912835560158398
12.4360976508937
53.53322454866721
18.254394512331764
39.74320370153099
13.353676558770594
12.55658661798877
17.758744711138554
16.590389938809334
159.8928240729019
64.74551087030484
19.918308537627002
9.87136374322633
21.486512133114953
12.128310836989716
14.46373530805448
12.860306613188767
50.97586649564888
43.815539837648124
12.191364103070976
13.707591985081278
60.877439470953064
23.337635974060937
26.674359375868598
38.05496332262938
9.582682888902065
37.034575558058364
10.289283977472767
27.996736014896776
104.7804251308861
77.65632855776585
28.05115498344723
15.887378698652814
38.934016035112805
9.528213983891732
10.489135410345074
9.587865159334429
11.09635231806412
12.088786449262223
25.557989948286412
25.185064186864075
15.930250050649503
41.69809354770523
19.781829822510705
14.575959381629023
24.11354201593235
52.56969846520565
8.962782237381758
53.582517592650404
127.65825939830674
13.19126238990852
12.921995607892153
11.165286287379162
11.01475789326743
10.19093460831044
13.676058438502594
32.42671870104506
18.1430904139338
41.788247070899644
25.093521375197522
23.073300117568195
19.73272548886935
68.43380684297422
49.99212466706956
43.338442391950004
19.801022185231957
17.45149794084347
21.22994976968213
15.597852530106174
10.722347387855773
13.530257927915748
11.257456583072132
8.123712980066877
10.842976509767256
9.171462586749033
9.608392876567146
10.537392183203464
13.705021522909892
11.761294957701287
34.219441978117985
28.235562434933062
63.60089744284752
16.85147235986478
66.72849222891753
13.927335519918445
52.327983237466576
14.907532689716595
24.608933371512975
8.409194901140786
7.273356425879848
8.320887185938453
6.117721974464782
6.2945382583752805
10.227151801155435
8.64241535564997
6.289318790569124
6.123094864003183
7.0644450097924745
8.442139916924374
6.405098540167319
10.592619991653
17.410075187219615
9.153298460888427
11.60111978782949
12.355686090296711
17.885344011628423
26.74260159135816
11.37275454162627
12.9517384417282
14.68072829066936
41.42199016731371
117.33850426506524
34.867324139713254
12.016546681172485
22.729617288880586
12.774839642565812
8.629734257507994
13.43541013017294
12.109473149227425
10.969626782379091
11.354123187361608
12.459252283565817
10.161926872642395
11.76191398286891
10.615018031556975
13.353266261744437
9.11109681500024
16.220230177223357
137.71604449408824
15.750577561297975
13.935676638120988
22.18217625439452
18.557753312894896
16.78784173411254
85.78166864509656
18.58548811125617
15.74560610714957
14.825177545194322
12.80940759423315
8.131195861714572
7.550127749192818
9.506970213164406
5.821718086792554
5.996319555499266
6.053728868871439
7.216679586216831
14.007299099676358
9.055009544996372
10.020837043530982
117.48028096159533
40.13577527437942
11.802232439399633
11.437310340220828
10.465373726580433
12.630967249653617
82.86874032046349
78.31512289269038
110.20295516132397
18.36485993952074
48.64869289705791
30.5996826767679
14.591561379982327
10.137035102493485
20.97590952095745
13.85060124740299
32.41680637997878
47.144541173427115
18.009347201148806
19.724908025315873
14.489885754394342
20.64218820583754
12.602190737816297
14.088992865905656
17.067412979671833
9.55145614949999
9.497364954085349
9.211565217575108
12.19746769872342
9.901608669821288
8.653928223290539
26.91595006425659
10.207867617794582
14.852781760059996
10.009715785571968
42.508307984112314
55.04760085350838
