35.459121583459584
26.29769986553962
16.754193859997276
11.021073484450534
11.126019418645901
41.54129015275395
11.211478310225573
10.708555946505472
18.528266008673306
20.42877629548186
20.96718190006498
13.706271450613574
12.930386286845783
13.324979723627692
13.453914175315024
15.463619164295203
20.88167477936742
23.925113902286945
17.15726135841165
13.13902792579703
18.672014562649178
60.37458778977854
51.552936688018306
16.082095036431294
36.24104620792717
20.938869708903606
16.012046279853667
15.891142971134324
20.2832143990673
17.928667154809386
79.9201991503507
28.321413965543705
28.11452313192689
9.488130757150687
11.584307821493312
8.653896291147785
7.111043388537172
6.4281866166773485
7.49925317010993
7.469238598592733
6.7918779838962475
6.647685391815489
8.060203827335698
9.647291957695478
12.298174884538582
16.35842898536712
18.376353243636043
55.76526346371216
27.517024371813093
65.91047190518339
52.567588489824324
66.28817777125269
34.5107650347309
16.81656300233187
17.08750773171781
81.89683952763477
12.894129046095156
50.87237991697578
12.959473133436571
6.967795265093571
14.404533790515808
9.65383334437677
13.070337954906385
15.177086217188323
28.195171427324826
20.683641348309
12.762185508949488
15.789059838675556
15.774236295882016
56.42384323600107
37.136412292386154
13.512896116314268
10.12587385427102
12.05126783843629
15.104932951450726
20.989040234644563
31.672157761342064
56.19915010483618
77.71977767532665
21.83679972412193
17.286548445862685
12.178520040668444
10.869894651557994
8.957804501435804
13.676350879470842
12.9648969405026
52.19842928383904
32.72095835423883
54.60524071994735
40.01840545132636
14.871025180298952
21.50310244335877
27.506022228929115
20.07233550837845
15.046003990654594
11.656756161930456
11.259284041765872
12.155403624763553
13.681768481990511
12.110064683627368
13.849335022041378
9.32608886028988
16.328063358958754
53.06633765006337
41.804701038801426
63.61126879185078
25.710571892456983
17.136018360814113
91.43708368574562
67.77313777451099
25.722505771362353
39.20701970300426
28.682628658774092
27.606045531563122
16.932908609109642
58.37712521681027
15.722556522771345
11.554795051366739
13.630672353354278
11.01861838709596
8.526546538046354
12.827778938079966
11.44469335094267
12.325420468781292
13.958625071117947
13.509567547804474
27.728982738450117
19.050810237046104
10.8280657967512
27.16114479278479
12.558144697197976
23.452079784188836
18.063824028336096
34.43546253414484
14.945425947937812
8.48498348697051
7.500203947636274
9.29255376590527
6.526955622569098
6.865096384582891
10.767855043943813
10.811149372009078
7.235402231492857
6.034772807405555
7.262906316200624
8.917615383976658
6.558467894881033
6.739145991627569
11.288236325980487
14.187608262381415
10.673305303276923
11.454746239552996
14.311212069980888
15.54709771662155
10.421006565583113
12.182730645975214
12.87845858257878
16.502180606703615
34.64153252597296
73.22455970856244
25.406101098385744
16.22232343532102
14.57701019870495
18.139894958323467
14.752523279486669
14.132766353683994
13.800977510974942
10.227982145085603
13.724050508793647
16.036776589376224
11.308032726687712
12.1515398925833
11.36124376023375
13.713253240899437
12.600486035095926
23.508134079436044
9.66905922918774
9.541146415255527
14.048735104121288
15.093496662787468
14.343748583223205
17.411819828322304
23.57573115606816
18.59041420421786
15.092565766498895
9.044573975519768
8.58974567536682
8.439431618845195
8.674239455802585
6.656642297870538
6.049011268610999
6.386016351717878
6.117603311767002
10.453139020474834
8.839889611018483
10.255539616700771
18.177535548206556
44.28104742855587
75.97871260994711
11.613270515936902
12.158473021678729
10.337915368417617
10.725893999450845
70.9747423086973
74.11798928518357
32.06782672607618
12.455188096473378
14.781705885009666
13.776690797819402
18.014537531042524
11.540502206906348
21.979051257431664
10.41965025299783
35.693206928793664
34.03001448954357
16.361891279892827
19.850807737804555
19.974793746737003
18.102662571655703
19.93266685966612
26.865070085284632
9.448585571616706
11.031775000567098
10.785864217663862
11.929724248883232
12.62060062267176
9.93610718505276
13.11148389208316
7.810932879804668
15.855451244757509
12.915767276507289
13.030849494685517
23.87117297783088
