42.22908902854775
42.46005324238626
16.57437849247999
16.631216421098202
35.87653486777879
22.965152271604858
39.36860993386005
73.64813246680279
45.15783452983028
40.88725727812966
44.2340950429266
155.97442013019966
14.100660142310007
14.253951294478387
13.14611764951426
14.289482455283142
16.07223127160372
25.67820528427758
12.104812350287316
13.57191082567558
107.59116351806531
102.57403208153104
45.65419399330137
30.80463042329535
21.218099177293567
14.95583527870192
14.695683374161696
14.057740955192962
24.586237096493786
11.556224414351139
13.208356595758945
18.352827583367628
66.31766038664306
17.541906457676383
8.565562901048793
8.176346809193863
7.786523888263983
6.460334130581791
7.373717221680122
7.221487093812509
6.674443246507273
7.521169489426369
6.7088408354389655
7.071168611195162
8.729083610232461
6.035057017836092
8.269730571824983
8.582508490966548
12.411942659941582
49.1806189874155
33.082711814215045
40.29114463062883
16.158832906393666
16.16020529427915
47.887714917851795
38.25985115891289
60.34468911400241
161.64161209114
11.044092778051544
10.452484860677341
26.471504437125542
12.326076866516097
15.48861376651784
17.262115739864328
55.59118140629484
57.19342134594677
11.621528321829459
19.274681272010106
70.08402569590547
22.06664033143901
21.137790083967644
67.69572988262134
9.951366080017536
36.88914104803949
11.110410567323903
30.674592297947413
94.00496080385398
20.26942993459368
20.189778642818386
13.28884949223233
20.73494136215631
9.858778092440197
9.927789449098318
10.48303840116662
10.449368517663844
13.092468004907994
40.75782740047045
35.93414960330177
15.804486990383847
44.32505830781411
19.179121464911074
28.822057506703377
21.613714720750817
54.26247053161522
8.993082536274082
40.6415913015769
154.82006443355095
11.952615939874851
15.887335113832199
14.136033121747834
8.521831103144878
9.7879812053571
9.463054784804797
55.73341430429828
38.45196536305968
14.155055670433349
80.53952501868628
90.49090285338325
36.632006300414346
17.135389397566303
29.37883997899771
33.12289395348797
20.36931986774123
18.27785800724221
29.420644980292643
14.945503606537395
10.709408011080892
14.897901603785087
10.769750152134383
9.048913081401086
11.227747805843633
9.947168416293541
10.501041917919867
10.449000691288358
14.589523920616822
15.468377546696619
15.254972178955159
14.518020690505937
17.549686386051988
19.936298465103125
17.72068176465544
14.002140467879734
24.822162206764624
13.952125022090748
26.842320706125278
9.041674446277751
7.535961421934883
8.768822785783861
6.847895644570278
6.076635284776209
8.87668000403623
8.527938237861061
6.316587398805155
6.256843585052163
7.14486844584659
8.130958476140865
6.761937564066697
6.847062699749005
13.475119564787825
14.779430804527967
12.672987874216709
11.829338539810259
11.152744180748181
8.488684227193392
10.079398162329749
11.850171743960058
12.332485865943196
13.388421389988869
134.5181365709499
33.74332315475846
12.204109493385587
14.083285652578406
11.102526010703714
9.570591058715001
14.812548066480206
11.603564939327736
11.984417097062568
10.5065321635888
10.544088224397113
9.05761467972422
10.437186589285913
10.892258834476044
12.118782057100258
9.140169967002725
15.547007316779641
114.82397075815618
9.739086364774577
11.409927080975201
19.013021615404902
13.309249389527055
15.510933074125878
46.90280983766584
18.479448141378356
12.689147169257437
14.745887043459188
11.64286323900934
8.009629442912695
7.734341967049613
9.104494027693601
6.78913812177873
7.535864620467419
5.917245062741744
7.5681581013308445
16.280769601929972
18.124497595752615
12.349258528121592
80.41340096315571
93.90906258262436
13.53441065119659
11.136152303204868
16.281994755937426
9.35216793804042
14.057460867476436
19.912291981861774
92.77872305727692
11.908289800435764
43.99572474523913
11.31727013998281
16.534644083040163
10.433638652676365
19.882085242837057
17.731645169075286
25.93853604822402
45.330579469768374
19.397792076279814
14.686282394115254
12.063831150378956
20.537281781051583
18.55574897918992
34.600383368188425
17.44089167876337
9.930919165802377
9.557953975567823
9.29238674350444
12.623816399603346
10.227656462886843
9.26088777525097
34.329490381116116
12.240793317477653
19.47793854772137
9.03229419663679
11.665359850944748
13.168660323991158
