35.01400722515706
39.04934875188752
17.260668036450767
15.308719422529881
15.412116308370583
16.884522557500272
12.813399448998743
40.45578106645648
46.062285963068845
22.95191500458127
41.04170581455098
108.68053180928297
14.928106352355949
11.99004918424888
11.628961275527766
26.96041559790788
17.50248929092099
29.20626113046287
46.542920247554314
13.387811412715372
96.1213963536308
22.943717498535168
79.73530123271297
39.857356387590634
69.15303840318467
14.87512283287913
47.98797510738772
23.424102999116027
24.555859015537077
14.330345646796111
40.12182609377105
21.70718908398274
108.66913603723772
10.156032481525282
6.914832456081618
7.060474899186951
5.890158418835045
6.143078895122943
7.475880046149208
6.246410848395958
6.577573725736572
5.926197857763304
10.001118968131891
13.13254014556319
15.801778515518336
17.634805626649722
17.546954033036744
13.83534082545496
15.909100336368887
13.953626729975442
15.543607779900174
70.07755031656515
24.354087007266592
81.30808713622984
20.006895122054196
19.626427059219637
119.31042480831024
146.34109414593726
14.38925454293626
54.958285351763486
19.70541957444173
81.6080941344309
27.269073727302136
20.208535576871622
39.984567490126096
87.01080838659723
12.052093697708493
18.218120967681777
19.02053427073049
23.002909971331807
13.24632785116022
107.00898101473034
7.96574018987796
48.146084965067935
9.397905636763248
34.967455515116875
84.31055883877775
17.908477076147783
19.105087948024035
13.574243178422849
19.533414930964103
9.400683610675554
11.52838536428387
10.838613384621349
9.29786552498814
11.091126639385656
14.052367286212135
10.732414072453258
11.729686748666444
24.75017614360411
14.869991483379673
11.903149047326746
23.813753105857156
57.40207664687499
10.0908268995302
45.82491429755607
146.94814623858537
13.210119409487703
11.220021413651901
11.063556354534265
8.18472112556703
9.631130603768979
15.578934338957913
14.338158694682884
23.29886031776576
20.84199914949332
25.33564451927722
19.135869406642882
22.211026982862485
76.76493997776208
36.993005288295514
55.82756557757745
29.697345733815865
13.814055816792015
14.026059608235437
16.76910180212126
9.49764999898232
19.131400037240656
11.968658557116873
8.155657471068258
10.506995684127025
9.436354402504062
10.757850887383212
11.071543337941767
12.620675092268998
10.305177097324824
12.082529688175608
10.777421252122325
47.371013438004304
12.691253897178646
49.093758082865165
13.637510916950193
50.29756224181999
11.801267386973317
14.034686557522566
8.46766089022548
7.235479982829026
7.872372971345929
6.158448300924923
6.971680449039876
10.55603147791417
9.09645320847979
7.2353283926167125
6.641014896108724
6.955917704049271
10.178381148070427
6.467779822692471
10.421755409203318
19.063609951343448
11.01139315807707
13.274231964979665
11.89484408474945
17.108552642887922
46.76535219413612
13.209301900726787
11.946545467185972
12.514982627284942
54.248340808878844
111.27853469750629
38.79053009586727
13.164270582138519
33.39110609437448
12.535207298050173
8.416432349417276
12.869126555245215
10.780796112215729
10.762586540832093
10.212803049830642
11.903785330652038
10.882294812263916
10.59645092707853
11.34073000769588
12.692687693121165
9.53001269317707
18.680848533462303
89.3502014414929
8.999221444221664
14.766455430945014
17.806291600173605
15.002154504277907
13.546510787645815
15.861327295567595
34.08156329003603
9.97929397954261
10.191707701312327
9.358731527668308
7.97031191718725
7.128641052081411
9.128116087147376
5.904766312879581
6.083819805394671
5.976279975323204
6.814856225370628
7.470923611439302
9.893757107912311
13.676812266916395
25.874522609982296
37.549250328467785
11.690937061143694
8.548471903601287
10.891835885762548
7.300221787086207
7.8482915656089
14.821928056320008
20.099999554888843
12.094907240349423
110.41399510677897
14.079336324649592
16.24637353806216
9.728415055240804
17.180047675343662
11.884049650336852
33.93065786656058
35.14694656130156
13.547975191091918
18.188491052911296
13.23146709273964
15.3918704124471
10.832749263824955
12.065069991374536
23.21548072211863
9.783176124260384
9.579178916754302
9.682988658142818
12.816021040100422
10.201583136167693
9.354286228461078
50.54432709176896
10.485761976201088
12.16557656277166
9.903338053339098
27.667536127616366
38.38588501272956
