52.22432165800904
32.06617631636602
20.51635042360506
24.928492205975132
11.675324233629608
14.230146358196727
15.83852978802594
29.11482878599104
31.227853446220628
79.52387543048128
23.73640446625499
15.634556020624649
13.991261452290937
13.35082531932119
13.060208801267223
16.616757408843824
20.576807494100475
29.400527988241226
25.75142238962977
14.109844951719882
18.23491983445257
46.97881446230103
49.94977988926796
73.87875493013507
39.29131902748959
19.896691271646617
17.193037070625905
19.31231466347015
18.379966465548232
18.05001052065445
12.05166814894814
16.904839630273592
21.866370838259304
8.896802801328516
12.835031534980404
8.719710885023185
7.065319333468137
6.7009004372417715
8.844175817700009
7.2700252906042175
6.446461616928613
7.939720065438416
9.193632410003339
10.554119409650605
13.549081596312213
13.261713035075534
23.753148760288166
35.99617033103639
22.09591570932105
45.34123651994074
53.759668704913636
27.593342152810866
36.22666175375402
17.279681336644355
16.349838442503614
48.978377269887915
13.748850912995694
33.29008967126199
17.531319501316382
6.969373595057352
15.701138838297455
9.880381714690433
12.741946579346411
11.79792919778184
21.134472107449554
19.86493384417635
15.526699147463175
97.77330216098629
24.481185381996376
74.60951721071481
28.305447123921255
33.67246944551028
13.241977883489115
11.994141629426956
17.0162450763407
18.194039262635602
14.772628789376308
9.813396406902092
13.361906289842407
18.415261821657236
13.55231657077706
11.344577007248258
11.826522477330407
9.608754795132358
15.71003073204372
12.00022160407093
22.236832794499062
34.48985790725282
11.70944056550573
53.11313348203993
15.228162261759561
19.85282454769177
20.115548583327676
18.968468893814766
19.376870083286203
17.214579758057237
10.07104550445651
11.472502126282354
13.640003550504279
12.632035202195055
13.205999175603216
9.452340774914251
13.240734364049686
30.95485821668135
13.360809517109582
16.629344275184422
37.56133167888933
23.061025677139682
20.164124603228416
26.15186693725593
59.153013813120616
26.636200198723436
35.508889615961344
22.492790292838013
12.58265002088081
17.849794308774232
15.963612191201834
11.720644151876348
14.695552180899657
11.294272188982914
8.657776154358535
12.358144381556501
11.363937195116934
11.755576887657753
16.0729188939916
13.700104630392472
15.375629988445787
17.524329632154735
9.9049195362893
17.861480274333275
12.467988854431763
24.756729933116606
13.214818089267553
38.3613290147248
12.709398294899303
8.023944510927452
7.353033502513785
8.836749577545735
6.322731440956908
6.790834983519563
10.747443827429105
10.227573611615284
7.076515709204388
6.304715373139569
7.071161959037692
10.32122513895747
6.045630802752391
8.477330227006146
15.644047023894169
15.71497849645413
10.62758090053653
11.387148227062745
13.580121605276643
14.283113694160503
10.118286426228375
11.36068060761681
12.24408547866332
16.931979330027072
37.03226887764244
68.20392727253076
22.51245059580628
16.775986099735892
14.211402313145324
16.657098714463025
11.659329522513678
13.261693725041006
14.144962805602606
10.191533486400035
13.341336544654258
13.691867962951948
12.513000584827898
12.994226577084415
11.82378119632593
13.522072229064339
13.583632865948866
26.858879067561322
10.193002146818488
11.466643689627343
14.528654976955982
18.584933611333554
13.285595332609876
17.793800054594847
20.9118309621881
18.33598656570769
12.152686153477761
10.351722607743001
8.656909847780124
7.63021413502383
8.601493710683913
7.014658824733097
5.8672455089012345
5.997588082036388
6.652980308525012
8.001001554094147
6.549401448301482
12.619704637471248
18.485706892650846
18.198041792259428
134.6764243722521
9.878303594863942
10.721067747783232
13.021047433375253
7.912562763337742
11.07531025997019
12.479518702337133
17.375926195956886
13.175100087867587
15.632561837856082
13.759950248409574
16.784887327964512
10.805053298242685
25.72954519276594
10.0368068056273
29.32822296263541
23.495797313223175
14.536130166953708
19.84221458985043
20.78780902218272
15.628934551511543
14.523815375449054
21.50657646605331
9.482001795094886
11.342030522892744
10.640702155304243
12.211193023450365
14.335696180974981
10.09071969857951
12.980759566822053
8.43259264235378
18.34716831519155
11.794486381691431
14.169324524348925
18.97067149583459
