50.86874034653254
50.129496959217825
13.77730152975554
9.24615848822054
12.914929942689971
13.327608971599364
14.039010010075298
16.789617098757105
23.125975247514624
17.60233304984034
26.422015336208823
107.1648372776557
13.898697276357042
13.28921068830117
12.203890634070119
18.737269585398153
17.64787156262363
19.689632217373227
10.80209916557511
12.466037856115078
125.57395972381383
61.02684511794966
37.35315625254707
19.827019707052635
29.718181578916667
16.1961157839037
13.993251406785367
13.910530339186096
21.160906567351827
73.19292236501616
17.517106344578554
23.953492095900298
52.49538597642493
11.246955935126326
6.997804870546387
7.117903784011936
6.684456682147914
6.234686555461724
7.186901497395088
7.144153260853133
6.506678154257706
7.484085958270335
8.847212212402198
9.874848036539424
15.898798778959117
18.972260063600068
69.91445713950668
69.53837665345873
44.835317150848226
44.353188721729744
72.53348779865799
42.842151729701904
14.24228125319879
14.234872621003854
17.593834433049434
18.818253259774927
41.334302166818425
136.65690958768923
10.108583441118377
10.273701743670749
22.653447218771543
10.983446399516216
17.359588630992572
18.179898309586207
35.24967764389609
24.645809988970527
13.389909987596496
37.16104015910336
54.55613233386643
33.36281066430689
16.00028088708817
73.5780610947149
8.453117243096406
31.41531364529321
10.123320948526814
28.578890793787195
105.41137906888027
75.87130328492898
29.829401311490685
15.665475454018958
35.64537765740238
9.619580571968141
10.501034082712964
10.60274745725914
11.486313594731621
15.75278181160184
33.93339839948977
70.44790812845972
23.682171929778434
28.673034451715413
17.056814202880666
17.146254861809147
22.683111915044254
77.49206480112038
8.975181911061895
30.448071426594318
149.1408364621105
14.058004616103885
11.45187463097939
12.271196403349142
9.015955438956858
11.627990388549707
16.07385541761846
31.089695984465493
56.89248967072714
46.474829669935176
54.92605871792793
89.19881890946242
114.62083116226678
42.87181242777525
19.153228429079686
24.98984176436938
28.914824440034973
12.466742217751209
42.67543356715162
26.315062195520753
10.777164400844574
12.80653502853938
11.337158917344137
7.8351398784562685
10.79968428724705
9.53827791844611
10.888203479784774
10.622380780041523
11.712964427395903
16.119053539848995
23.85973373250128
15.16696569797838
77.10648911250041
14.669011432712347
74.66606228203469
13.98903753554015
57.623710603612565
13.139292688244966
16.91657541225198
8.967232187629234
7.439848130999882
8.446005723709934
6.432345375234215
7.267462751354758
10.309676788832801
9.317016275572488
7.284154177860587
6.235757152371915
7.254906008213136
8.683378320848435
6.353815738483764
7.652016974485382
12.904279717422371
10.280052766928852
11.152515720041896
11.870155522227497
15.926303660623311
37.454287803528345
12.476937615138906
13.391377288052448
13.602907470510674
28.6716853544818
131.25001327613555
36.786711205275125
12.662277512103076
24.92992278778111
12.307025039445017
9.152903296223933
14.22266128174018
11.228606501767203
10.939716692928341
10.219004763001422
12.697275286232344
10.745019720494696
10.435837487896647
11.515962508460852
13.184035017040406
8.987679880871205
17.42402985260106
102.98449245685347
9.124600517210053
10.968157984221088
17.952512146410207
13.031156404011286
14.240895987187173
17.379305473983205
16.67907504304023
11.60376992386759
11.669556505702815
9.421234065516282
8.474861900476347
7.76902604250903
8.930232301934915
6.048692531858602
6.221097214313447
6.190309158124643
6.785100926015458
10.931339577321516
7.430323170878261
8.93090862570364
65.46252337490002
89.61622331119204
20.37701950475377
10.811353992477361
10.875658051408813
9.717341343622682
81.37191807638672
59.13176672454514
91.83983944681502
17.10588388111569
34.77597581613303
12.724165742298386
13.981750720252512
10.054513454936254
19.104216495096416
14.295446402235081
37.73403218765431
41.95671693143654
19.702552011416103
19.02175728722134
14.058147349606367
14.639283357496295
12.316617562466213
15.589233455031199
24.15690014658433
9.891710907481169
9.804207690830799
9.072253484838846
11.473660488384194
10.123490670091618
8.630707009627454
17.4807174255592
10.277533317184435
16.8164499121734
11.97971558441781
14.90281813425487
59.55637955578336
