35.44179686356357
23.57734634195742
19.625835414173
17.417405196368726
10.069296171290052
13.477774257280291
15.788932419722434
19.762301558060557
30.28408000253823
92.8422566822014
24.877376036388455
14.900827538555447
14.730940571524584
13.309704428681036
12.644248957533394
16.354028555361424
15.07712132134323
21.50395251958041
16.54864997759293
14.987499809270027
29.98756107208057
47.476776569316165
27.664302076758727
47.897649501844334
54.66058091057927
23.898381113507845
20.15306563700945
17.75625300906881
17.624097189857565
13.988520103499956
10.908488534334035
14.637058023557985
21.191935565438605
8.219139362920894
12.495603674801842
8.44558664600289
7.010170232654112
6.609751953704063
7.292201132967099
7.23360483510434
7.107995722945505
6.171195087940997
10.451889412143782
15.576216961360837
13.471381477644478
32.92277818640342
29.56814002669604
51.972966674231714
24.62326700771766
26.93864116104162
12.914415240651865
13.778712106264456
21.511617449446206
16.707947166826802
13.530764434474865
94.67269440715997
87.78219319046427
94.11434673981407
32.41442901852855
6.767202566825733
16.210642383934065
10.015318053572342
12.928639106672234
12.988233629302693
13.75136373634188
14.560156918916265
11.365925525091384
31.58943572155323
15.80109655902512
88.06639812751004
28.496344437298596
18.241766663347306
11.256711091259865
12.1761940304312
15.638001609474838
19.509568730145265
14.749887046275378
10.329933245389764
13.127369230475741
18.889788593003
15.57952325328317
10.069739450287166
11.350768242512647
9.08016446890821
14.268418526662199
13.027536466713903
51.281312815656705
33.72043754885469
11.66754573610576
51.950008964314904
16.40210638608355
20.370379581517163
26.1390586183887
17.713169504950038
15.33082940289678
11.767729908582442
10.400901271515208
11.472043704798768
13.609960990666458
11.984858682986344
14.219120383577364
10.812599286465266
17.412419165342175
52.0448999306343
15.489834817463665
17.995044927731445
22.313163343969432
13.792966667940428
69.6253642222262
80.32059214598264
27.803932092218208
21.97464220805583
42.659723262714515
21.234130851463146
12.433499120092465
19.776094806745682
19.528825216564186
17.69153962542805
15.751628581176167
14.0298921630695
8.794522705899006
12.964352393384617
11.686684594950698
12.664740988410951
14.967985230971784
18.04519913432944
23.789778403199588
16.15299149235258
12.038382601398812
23.072239198476453
56.29134083106205
29.99873718902191
17.727220367945826
33.77167174675646
12.861112889822175
9.951646210414195
7.724588942787664
11.40223199555287
6.944473243531007
6.4009828942889735
10.067292855218437
10.398954481415608
6.949270110300202
6.133920188932834
7.631375753228133
9.957535393085474
6.469719701121459
7.551309507145543
14.857579585700774
15.900259817179853
10.459703651959638
11.558934537631
16.350355075412217
13.780061331937336
10.381152157694482
12.339436978876721
12.000963424207455
15.279115610520687
28.81520870501532
61.396045873747916
24.151164765667666
17.183750551813084
14.377808646817297
17.354475298987783
12.378830892733122
13.2820158961829
13.823342740165154
10.571189224225867
15.753069847513627
14.733787552697448
11.389104647188885
12.941759026231242
11.885285865489884
11.625821341419547
12.869196595547507
23.902575778603886
10.735525447514991
10.96935531855541
15.347038481416938
17.417222745902837
13.509605606519541
17.25334035332056
23.271613840007657
18.51844939244828
13.576703110659592
10.078650094881858
9.706228888757684
9.068544514477578
8.46083422238347
6.895289190522321
6.231275333276596
6.299945215940375
6.4609637857444255
7.4381036556734585
7.200391854106344
13.073548029148933
22.01570480230565
19.039262557366985
148.1373366236119
9.695690198022243
12.379853180742792
12.992960938084753
9.736552526224072
20.040257252987246
61.4885626052554
19.33811891753033
14.719821063125421
16.077983341835917
15.157940362892706
17.443863861382805
11.359420638480014
23.847620346556393
10.122985786527806
29.68304930970485
31.256070884232813
15.365687765331238
20.40257906044176
25.09237009234698
19.106763092638705
16.35285397221216
35.47385959720989
8.846431129741756
10.937548500671534
11.10295330424363
11.727160251461955
14.458558062913761
19.070688226507936
16.306607033282333
14.0777866728995
22.90180554272601
11.248825619938067
14.577444819886773
26.485987144391764
