45.58301653688981
27.838480682883585
30.625998989808547
16.588820690303184
18.160504423782015
33.9663902733817
16.966710565419962
26.505760271775824
21.3457093732775
79.98050982887099
24.858634962014857
16.74760214767684
14.117062502780158
14.639950118600124
13.143998038983842
18.859160624203778
16.815404257415036
23.047775778528205
24.91596531999572
14.493762159177393
20.063502984006654
50.56394804723867
58.22636511425729
81.6080367906481
25.943607150090454
19.120747659098956
14.545983195250287
18.768183179919955
19.037645701909828
14.792098772080692
14.202029674080473
15.433374443794522
27.17902133626225
20.10173376627526
17.181674351800897
8.935267741109683
7.861177575088075
6.563697832226206
8.117202211563583
7.34889469800823
6.634028105248796
7.070390364358954
6.92088726660607
7.130893038247795
8.182784434796647
6.110412586102158
7.061985664863193
8.094274465552243
10.752705271259794
18.149628480592696
53.49158486519088
24.011404340045825
25.466591237040006
16.979785385468897
15.90670759625112
64.73324658294266
32.27057988373686
65.23210506793035
16.691328802124673
7.32130198312814
14.542043808239617
10.459156445120515
12.185392627445072
14.434501010292399
10.28125669509471
16.533035602034552
12.09936996534602
24.11996478045434
15.481177821954475
78.62035457990204
25.23432617878487
17.020732204115397
13.724400015546104
16.713721969012884
20.522647116201824
18.532203411494645
18.442463765763083
23.236620370525753
13.753551628846802
19.259508539923637
13.28818505833904
10.395541986008508
11.556688747866959
10.62128850678439
12.563448848641652
13.603177700433342
63.95073055559105
72.83576223348112
11.270670128742102
45.65642019363345
16.469220521059512
19.758385933992997
18.474055352829037
12.481123609359573
15.333584884209252
11.974749559499593
10.528033575977261
10.588916796203119
14.276510760837345
16.831549306834564
15.936212573520498
9.030352448026795
11.751815036469692
12.956614444210379
11.175395800422038
14.721112681004657
14.767113466623151
14.984259645911205
44.41343440675632
28.770215856907235
14.9411584163163
28.366073900241343
31.796370786189865
25.239304002309733
17.626580880303102
26.40860326232283
16.303190733810684
11.382835059626098
14.41329552039519
11.360542955009393
9.706187859228454
13.061453424121042
11.41080747529537
11.842868365239484
14.035824563504727
17.818843428954967
23.34867800726062
12.149095397460698
15.037551084586106
26.869787712483262
13.046512917800932
23.419503057559126
15.518159606236003
27.796298456591092
15.943994253195498
8.338577508630319
7.725000795358869
9.605991201694756
6.980091473114277
6.13042561843011
8.48415755497039
9.460804534105067
6.822550657341795
6.053467687736759
7.00897319001229
8.699068545954283
7.041099491720557
6.539444752497961
10.666371379669311
13.151863049542591
13.949749787776264
13.828780267839235
13.753306945489658
9.866513001061014
10.046959809263948
10.559567152608833
11.846418845248435
11.243811967490494
24.19177399388935
71.19126505684487
22.5825819988116
14.263593745667713
15.163220083800692
13.55065888003108
15.35935567101987
14.031480176166646
13.90989459215544
11.405321681826257
12.752820785027533
11.310302718687037
10.593454781268104
12.39322637024811
10.833050807425515
12.556053700631068
12.545071207297035
23.31790542952
10.135900259636804
10.150330215740343
14.972894414659885
15.999113723998752
14.841268711911416
18.442751374927337
51.82120627227211
20.862985509798744
17.46534430537264
10.15222929516083
8.282289330498182
7.997397789001924
8.671877249735337
7.170372444158685
6.96298635315405
6.1270631885903155
6.462317561666657
12.658372368865106
17.795092463775074
18.09965362204603
23.224879913287843
78.56113130314566
94.07472201871813
10.728044068765863
15.645926540717046
10.792662394072996
20.89279943144878
16.747069481842274
15.574980688714906
86.43290215023973
11.508948254600226
10.440215550497353
11.575535692045845
16.729351716742354
11.843571341235002
23.3057458865955
9.781266569217529
25.981450367183463
38.74917025864184
17.380932121295366
17.490613990862755
18.996741586811527
16.282010267119855
22.274830787446458
30.235564591273906
12.869128203877024
11.817370638352271
11.44994775786343
11.321500414676605
14.15150009509477
11.194030101825396
12.229644854747777
8.8810437768999
17.89909893239083
10.181783821451312
11.063523954201706
9.999913746907646
