26.896962475148754
24.04499559542374
12.437472069792806
12.174911881971568
10.07252351647589
32.274215791579905
20.006876503259026
55.59214233369511
97.75747684962711
49.82952045084893
36.887046561024015
126.72200263638967
14.440750862330502
12.32053890562092
11.830884799459389
12.414939249351555
16.729715538884516
20.760338523436076
16.113735697003936
30.997423944145385
55.17766475015235
56.69802307860627
53.863041612268795
33.345430054062916
34.05085285292555
15.280266559785513
17.228186403649936
16.014638748869004
15.28462658480105
10.716033891535538
9.978252310751309
17.785859813351635
32.51094687597513
9.621945585532613
7.017303633910264
7.0228919907327025
6.167775050400208
6.496955695925533
6.760427451279897
7.050306257940654
7.219464919743034
6.555816515005883
11.288880608295218
19.675828020765476
16.562826918941155
24.81398639519617
35.2839493639069
35.54248577265677
22.43428921921313
16.335525270521412
13.382941750203008
44.215929526506365
26.452925931065998
15.269854950220774
57.80845088458068
88.60824172189531
137.3829272116381
150.24263951549557
15.170637288001906
9.751025889532135
18.573943949162466
11.03704195077688
15.733684067280082
16.792409006183828
44.40824815547222
43.39566493461755
13.373076426121434
17.80871191031428
83.77397660039601
23.49398249664779
22.095156821850722
80.5553546867823
8.584782182040783
28.9154212760553
10.207458243383082
27.453454575951564
90.77083139672045
12.208770305650836
17.856676165860176
13.305070133682813
23.694424055013
9.233659694565132
18.436292195624585
10.487816833265065
11.013117141327173
12.630950796557501
20.84211392574897
22.14454124730594
16.009533117659554
42.35878400441184
18.571887559507314
22.3677545310053
18.434743825032427
63.76369641806751
11.91615527970104
41.13046545053669
151.85580898504855
12.470550891616615
12.25122422688757
11.910556079941994
8.40744176168031
14.397209836494353
17.14209743811326
61.92343009672188
51.749323644335696
18.51473924112586
50.316656140134704
87.62728031617439
87.44734060078117
44.87841721511172
19.014140322622897
63.60451067861909
24.295606811931513
13.211674898624441
29.17776460097416
29.975843909051225
21.990662701944334
16.629965334792903
12.161761013702
8.446699362584457
11.993348075675526
9.414516077853703
10.617276049858777
11.530518929502467
14.70612353867338
13.708117079058097
37.55889229735403
12.987180988709621
63.77140255275436
16.099848595772727
105.96314348467233
14.316630450545796
61.69198087348795
15.106807541680494
24.850377758646683
10.203478269292786
7.6536636667466285
11.592885362463727
6.727750123583672
6.60341529808011
10.310108967022
9.269637795622016
6.666213752542031
6.665935699685355
7.448442835426799
9.612842133581177
6.5687147302791065
9.15986031772908
15.906790857793139
9.46597757552278
10.97276937877064
12.468591797416137
22.39604545838005
14.712564558090527
12.036120369008545
13.964451785383192
12.8438096777983
15.751442615289553
124.17774594326323
32.11529982689687
11.833262686732864
17.459609116609514
11.881932851543667
8.072741160750496
12.685764038035575
11.534955331777718
11.013231963078374
12.068243713755864
11.89534728749684
9.44281277163149
9.703541717612474
11.48791223437493
11.93416119015341
8.81039591987691
17.92457200306933
80.30670569870907
19.94768984614102
11.983952438417353
19.84226110119577
13.733432213270381
14.003593285108732
17.846260329609738
17.114512473945194
11.400073162995907
10.973836583245491
10.628207143421461
9.67799113269453
8.807982246405489
8.611507029372573
6.15572211109549
6.405798958600047
6.097136406412655
6.796058187265178
7.988118208335849
9.076253781828283
14.362488021780715
21.570218767141846
53.623951984998946
11.817491008164485
9.729733799645492
12.061674942104698
10.23084771268718
9.782483148902795
59.79066730721711
42.49135817140357
12.791244501969528
73.49100307332122
13.314269348619739
15.472739850500751
9.89775904617785
19.807722206201905
15.921016375262138
30.080477700366032
39.20866357483205
15.772813104798221
15.989606021359377
18.078061260592012
18.92541954889748
12.504917686906747
14.623203170071005
14.2238505259816
9.20201139076661
9.783319582025737
9.345988492291989
12.417316816585448
10.261905380597403
11.435444345605159
41.197015610315205
15.09040053340259
24.835848214578572
12.090530928575852
80.60867459668455
62.681694459491524
