38.060941153182505
35.00872199030541
19.114407675435004
21.491133893833446
12.814929577349627
21.357058832213987
12.064988642043131
11.681847447053167
23.32092379463672
22.2252415266931
21.25721513255972
14.515504486133691
13.777663720749153
13.72592652196023
13.348556777435379
18.25775301076756
17.77819163693976
28.057041136460384
16.10574290860641
11.816237564057325
13.183276054017893
42.975070872708436
51.8673134743824
15.421327074816443
30.096420301914936
23.303014882167524
15.476327753305656
17.101254020518898
22.084091854280693
17.48120474806863
12.22805430808847
18.558050394542256
21.345230075425594
9.718357736416447
12.106105747177006
8.522721947645792
6.92059713126177
6.596349179016683
7.439858104433776
6.707438509359472
6.516197173657931
6.817622380042516
7.0561853804904375
10.720060673929058
13.698747593359776
12.755647342491429
26.22483904615764
21.691577450354668
20.761607493040778
18.725635473050946
12.777047531008503
25.234232972402143
34.289587853397556
16.410846024489597
22.710496687962067
32.55205709478848
15.005362847546214
56.67419863761721
13.13775092629898
6.805157460109337
15.40093577896011
9.548967977398394
12.53950157665857
12.369134617592449
25.32250025834127
17.726947048027515
15.207266920334806
99.45331188831821
22.20495997631344
71.14400691012924
25.480702336250832
15.29452643203953
12.659318612182178
13.101981797256984
16.169191619966746
15.364223806379297
14.70197416336655
10.389160122565873
13.004279226352145
18.356087229667867
16.38019366096924
10.314641985911242
11.43765617828237
9.076422663074124
12.687576064948875
14.568776466070206
57.9302993378677
80.9681790196056
12.198991766900818
36.41060212524475
16.22466837353273
15.43431168435209
17.044879336052855
9.651862833790512
14.773644884444638
11.166681157901111
10.905236870293653
10.753096570256076
12.78436568861584
12.387231853792102
15.098964770457581
10.216021475314308
15.57844979687216
30.689466891770973
11.561906184949736
13.743502193915827
19.104034393922564
13.590493123153797
47.93792376400529
77.52139656716702
35.14796440496051
24.189657274984448
36.315416193487174
23.148021757953742
12.953640853270162
17.150972023472967
16.43256682465349
11.947526746763588
14.801852655669265
12.909968515416407
8.958909633252592
12.781724925740287
12.031175612870747
12.109809461284561
14.158622476687448
13.048475853183001
14.773188383865977
14.448738728222892
24.587985592971528
15.139080404287073
12.057418188523565
22.600091571461874
12.496741770683931
39.578595310336496
12.3841203879295
8.085254445964448
7.381706333579235
8.495998961642071
6.2625688689919645
6.538368427091796
10.201719283094548
10.119748654985665
7.295494425690265
6.056665624621651
7.66626026588476
10.016503094529204
6.208894943554397
7.639147185718859
13.811980025950355
15.145010565976488
9.902567843380513
11.319774688000935
13.974592074911527
14.122740009574882
10.209127411054741
11.826279664223259
12.7082063176177
15.555919157065505
38.31595545522165
67.90383673487416
20.77108890593193
15.679102396602266
13.486139845919237
16.962447104281814
12.071267285986913
13.386730671403686
13.901122586468862
10.305830951774073
11.895775679321703
14.18284196642726
12.319072824934763
12.954003488971482
11.561505217104136
14.193529098777109
14.994454117948445
29.786348327065923
13.15168300172537
12.95197954690161
16.748298789602977
24.643805227219385
14.74089526690566
18.00989658441919
67.32993201164153
25.531460898785994
16.654875915463695
11.449579716073872
10.863956767873644
8.638501614661218
8.490725504427566
7.1205010787353835
5.89482265604215
6.067269810552802
6.405529675066798
10.19059499321055
17.64793369385667
13.777086289049556
16.24663964716164
15.179340535833397
93.51341957132215
10.893937721148014
10.807451254653618
11.511929383722064
7.74429904209076
11.083457235244307
12.95794184271687
17.078062156716353
16.306539187980217
12.77758841138665
12.443771922023984
15.133480270155777
11.003204444707027
19.398489195091184
9.46749883402166
18.806494154619156
20.098246575691352
13.904557708976245
19.19923222936961
19.174372157716896
14.971149337207123
14.903650567375788
35.07403347279575
9.175236116015641
11.408478356952436
11.282831218566315
12.068883872046634
14.400339411683088
10.972851761060834
18.811471718068404
13.686792047042427
24.989983222555107
11.807306935532186
14.290182185849046
24.791603677622543
