45.0078
45.2995
20.158
18.3159
15.0658
21.5189
18.3243
35.0291
48.5962
30.8275
32.6869
126.738
14.4371
13.9962
13.1219
16.7763
15.949
23.492
15.0966
13.8915
86.9231
75.7068
41.724
26.589
29.5843
16.6552
17.4458
15.1833
24.7794
18.1928
21.5433
19.9448
50.5252
11.5781
7.23912
7.23933
6.77519
6.51129
7.31607
6.94501
6.55787
7.04156
8.61729
10.2519
13.7197
14.9109
47.0705
25.8908
31.1995
41.8153
31.2703
46.2666
28.3298
21.5368
33.2802
33.7772
88.351
146.814
12.3533
14.511
20.2995
18.4298
18.148
16.4382
38.6242
42.366
18.2933
27.6198
56.6557
26.6208
19.5093
70.6451
8.84458
35.3337
10.2015
30.2397
93.7299
26.4013
20.0242
13.7327
21.7492
9.50021
12.0586
10.4341
10.7053
13.4142
32.6807
35.1682
17.637
44.5844
19.6983
21.5185
22.8563
55.7518
9.9846
41.8262
143.113
12.5768
12.8152
12.0888
9.16595
11.4112
15.8428
41.4617
37.9136
30.2485
49.9285
50.8181
56.0223
53.8664
34.6603
41.6874
22.7889
15.0054
25.7445
18.3391
11.4991
15.2962
11.1792
8.45922
11.2495
9.53936
10.516
10.9469
13.8016
13.6996
26.9415
19.7398
53.1302
15.2056
59.8419
13.5846
49.1933
13.1168
17.617
8.70387
7.37022
8.5845
6.40542
6.71423
10.1754
8.9735
6.77
6.49183
7.16088
9.04356
6.47724
9.34092
16.0159
10.2628
11.6324
12.0173
16.4257
24.4881
11.5937
12.601
12.7081
31.2903
120.883
33.7056
12.281
26.061
12.3
8.86072
13.6499
11.3997
11.1341
10.8421
11.9332
10.4448
10.6057
11.6195
12.7188
9.11988
17.5239
103.148
11.2154
12.5199
19.3386
13.9046
14.6199
38.8094
19.8558
12.1335
12.2418
11.0016
8.92221
8.12881
8.88945
6.23288
6.26696
6.11009
7.40254
11.0835
10.3105
12.2845
39.5283
59.8595
12.4354
10.0576
11.2421
9.81878
30.4108
41.1955
70.0436
15.7976
50.6386
14.6992
14.6324
10.0548
20.0236
14.3027
28.6973
42.352
18.4266
17.6024
15.2658
17.2699
13.1926
23.7133
23.6722
9.73603
9.69918
9.4084
12.361
10.047
9.63891
40.2096
12.8651
18.8308
12.0137
43.2229
48.6279
