44.998072112097795
41.29669855443379
12.606939858459539
8.839795608195988
11.178941614954047
15.119922845311429
13.862697007905375
22.09879212562754
23.170113494800805
19.64098339658714
31.477721792449394
128.31454626620555
14.222530024487583
13.366589813347675
12.72023328638664
18.38634365644266
15.160392333512537
23.724133274973212
10.877089606385272
11.228851285330528
100.71578360630802
28.051377295745223
31.201590950983803
19.941026865260103
21.40162143534412
15.930821677702758
13.580742191049783
14.117938262697887
21.348351246112557
10.968530244878183
10.972238961559052
17.305379444188045
32.80576185458961
11.33610790516873
7.569604211085422
7.094151603253631
7.154987184534185
6.639601493702746
7.5345404098946505
6.921242146861805
6.44807612103206
7.681832164923917
6.616816736456129
7.191294803989928
9.850625866741174
12.605768309233103
20.079988998361245
12.266217547032703
18.284945831837657
20.247929433389107
45.032105366816594
60.478537296168966
36.287418764917845
14.818064039400292
22.017007200771587
22.48051090070728
47.352934380475354
163.74221961169673
10.409240625596281
10.666576924517457
17.352763570752888
11.59432243627786
16.65490991994967
17.900250076346556
34.63961579125685
26.464453986115146
14.486553617393572
56.37288772454124
64.54405959490958
26.507526861889808
23.13839598439539
82.09027623780847
9.020533938735335
41.19352596409376
10.38544314362205
29.975681128881114
90.06606865500176
12.375537630191504
16.72725835726374
13.442493072946956
14.419925995016879
9.34548976592249
13.154379490577867
10.338017980419798
10.921432956602057
17.994323519502817
70.46459814026477
101.01919763274795
31.926143924336472
90.80806706453218
36.04647104227107
27.0283155777115
14.89700195966591
52.431544366302106
8.747533497886765
49.851854476480106
124.21467127076845
12.006082879015668
12.714130413318903
11.943382196683146
8.568954286894321
11.912734877119085
22.930035947879787
50.65100236861579
42.85502257273804
17.938987947805707
66.38325666717688
80.35710143636494
58.595735154614005
41.7993744925905
18.05262988980833
33.1232427463472
23.44898896036543
12.301500412208762
13.974432723029672
13.745803159962536
10.244104717472672
15.406168267724013
10.625664820515023
8.337255795061477
11.439707999291763
10.204921536388992
10.821699443972236
12.533454403471898
21.02791559327763
27.129130739618397
81.96462949826555
49.442963137616225
67.28361128005976
16.552710341908877
82.83844109268146
13.051232820773398
50.58224231574247
12.518289592120865
16.976392352640534
8.65484600836952
7.695363934190018
9.187471481551537
7.524933664079507
6.463294336187196
9.158806628359557
8.581626887631135
6.220191818074604
6.13728248261676
7.305166559515798
8.375365901938688
6.482223963313072
6.8259434875416805
13.265462954447953
11.226830991911172
11.335914901739109
11.587489713109438
9.925093804784073
7.986949648963868
9.994450012709557
11.78196848269034
12.7003419375561
14.373792948104693
137.60364433948854
33.613649713790444
13.136758759429428
17.71967841956288
12.613725548193369
10.382404070779991
16.202210960543187
13.084513149599083
11.304444443285004
13.113735783457578
13.691585189286911
10.952861644916725
10.34103478429745
11.594916179780558
12.50443532546686
9.017038290125248
15.875629621192973
127.39221515664076
9.957532058854484
10.790702694869962
18.371617475207852
12.817851280497043
17.744392186353174
82.71597412036472
22.207941373189367
16.02425697937336
14.46410266354446
10.659446552451087
8.542749109482374
6.59321641703658
9.427850614737833
6.086109491575744
6.622684857966042
5.85570260234981
5.9912482060502015
6.656179621650309
8.148659037227462
11.773807955847845
18.836785548901535
17.753595214260464
9.34959871330852
8.78209257892003
9.72972458821641
7.6681562186812675
9.937511862014006
40.29804992996804
81.91100051127562
23.431758173912403
19.515043247655413
11.273565415980013
14.80094566962567
10.94581724232713
17.981436441953658
17.262044619914178
26.523877980109617
49.31060876295238
17.906763617181984
13.637100865624959
13.06189153873049
15.671605148582916
16.44542301813719
94.5225976367163
50.05409923645608
10.808838151396483
9.937217837962487
9.43734555646348
12.439365051620797
10.628916756686662
10.921914994774376
34.88053900560296
14.015037031962171
15.942867299383138
18.955448340118323
40.97657470840657
51.7480334429451
