42.68369945533674
57.96864422039482
14.77543934280975
9.410804231189847
12.223780619881666
9.869156319752289
10.80137424563845
15.521632450181071
25.258816600809492
20.076513597143553
26.857925687786075
106.31165917655997
13.755316062271516
13.284401297091339
12.154848958469179
13.59702906013207
13.277805265806116
17.750503873985707
10.320313921672287
10.426136563665523
12.673852105486512
155.5731803116349
10.173777784303876
32.28794662323605
22.089925473833794
21.92078452084544
12.395284317191448
12.640126253712035
28.108986864611488
11.872563896966215
16.99631600118719
18.238766790097994
50.38619221124749
11.800086046955839
6.89833672655353
7.232593219121004
6.671966132915122
6.561122406343252
7.170427866706454
7.349445333141442
6.254646461250062
5.812605693748871
9.391983947247486
7.684690508477099
13.250033894073692
12.460582986886463
66.06695737907795
18.139991999679854
23.28682626335751
40.02457812129861
27.69513601573766
18.330472702180106
12.437674363932276
13.495505539665109
26.21690249319277
24.16334511889963
133.1502822821647
156.81984599824858
9.738667485308127
8.707991834842177
23.688606990754007
11.164964424294025
25.169476348079318
16.043236943918576
38.79043477992333
53.841375222137145
13.544420533332765
16.104300809714072
18.65603304572797
37.45528155221001
18.18389475037765
54.037713429536396
8.44910974778579
34.43625006280295
10.144534065664521
28.98257814512982
94.97408978846215
11.688555856378583
17.306190975181877
12.47320992993881
16.100767083836672
9.215048027841908
10.478190313969211
9.50852961229164
10.754608042457646
11.372328968679584
15.499287019141924
14.656627926930101
13.280368624192652
25.758216408986904
16.992477880028797
14.588587782118802
21.305720770483852
47.73729691732715
9.440971411599548
43.11322704172332
136.71566247216077
12.673753326341872
13.069008027049973
11.094444975837352
8.535378991946182
10.590215248319483
11.398165794025566
16.99685100717061
22.82372741291403
29.689818391074457
32.96029068984725
22.518531016811284
20.769168403755867
50.435795209895986
80.33631566679614
42.3083420414348
16.809824597531417
18.551228971532495
27.868941914527582
13.559960150940922
9.562096258129804
15.59218694246096
10.719744684189868
8.171964421507615
11.205844066078363
9.537863671743416
10.576549711347576
10.432792365536843
12.031578323658396
10.838345887722868
22.30820758436763
22.69353043957206
47.00476758013873
14.129678162370963
52.89834718691307
13.395074224666624
50.77703574186019
13.433457641470918
13.225319105578278
8.511608446285594
7.239757778037781
7.959896683783292
6.382088197682284
7.170548794699828
10.876928189152784
9.514136588735061
6.964459410118861
6.575487628540306
6.931465021658421
8.782615906712469
6.571436179532749
10.410623550200368
16.91202856312211
9.540380261273835
11.066697802652286
11.760769080410029
15.18520463602339
20.85330184078622
10.826590252507575
12.76042109830324
12.40373327563588
20.311933859210583
127.26462042707207
29.92738467251216
12.148468311397751
34.899441121385166
12.350069165554544
8.781977344045362
13.196104989738245
11.006731570650974
10.966270160033192
9.9823576057655
11.400968813164459
10.577907555442227
11.597951921286436
11.644936904531937
12.2537638884068
8.739809806216567
17.03585024664028
113.37805074759196
8.649443377845614
11.517231856028102
17.506075629483046
12.567126406710557
12.921149141497247
17.394571302067227
14.575134492966846
11.3722293321358
11.51522061764422
11.198313387874835
9.68855065375723
9.681691842809874
8.876208653888256
6.122554027309184
5.736687495594319
5.80256986420245
6.372614929009328
8.465776149010955
8.975012516209905
11.948912016366458
15.490576473918683
72.70377795282884
12.114802924579378
10.154354596753352
10.375936233611965
11.406858611049504
72.85730172238196
59.19623531557951
96.26361751927664
16.622708496452656
24.73198446809154
13.478773202767929
13.211292869293446
11.169588497214567
22.739839113185973
12.898844752180533
30.332559771679797
49.48428440752473
21.160512194961772
18.87395444638647
17.84823373451881
15.747756477192947
12.294606910360667
12.638676319712566
28.815111571694402
9.453459770596032
9.442040207516945
9.360236615966109
12.42574418227837
9.586144613139743
8.802823400451286
34.2873424526974
11.227946038460857
15.50096729067031
9.271172120345359
21.647415561117526
28.123707290443775
