35.43494311602303
36.90102666426547
18.1441481857328
12.124944241631422
10.62519052971405
25.456891629347233
11.003504333493886
13.813082632124171
24.474191128050073
38.208021408933845
21.68380470243795
14.067289919404956
12.771409208946803
13.378744915227413
13.473642555541957
15.701285989601992
16.62500418042011
20.649027164282103
16.524347654790507
12.886888729287742
14.65799583678402
13.163908010347713
13.782580369969548
15.579102238859132
24.658223821541224
18.022471301802273
14.944722264404913
15.370626815074587
20.714748938105508
17.178122622589303
11.642229433875274
26.01342521823064
20.146621423058214
9.330705668198638
11.612863798600786
8.729797368097362
8.075384206892405
6.45427966772558
7.655997413192956
7.367572035188709
6.909399757294
6.722079313112614
6.983927123241381
7.272181471322108
7.5884385342408045
5.897236636277419
7.506966754113328
7.06438102750836
12.96492423124498
19.577960585480778
15.576911276576018
14.303425204352244
26.719411218619044
13.212726515264372
13.941277809924623
27.55953751669581
14.258053705892905
44.618115931671596
30.05730080071318
6.759243976679428
15.784025424712384
10.301006164436643
11.367772745690413
14.02889051189882
13.026813724458226
13.357616434436943
13.157288982253252
18.02494627926869
14.240476588450717
76.20725034612671
31.929248551338617
19.08994963675509
10.66857274135951
14.606472165377818
15.767917225201623
22.241053685960782
32.22652322730192
57.630731372132615
75.91898071256044
22.33314792590733
17.328929018743317
12.520318163420185
10.76654488135014
8.768993494733554
13.30123634649156
12.493864345953124
30.603259941108874
45.0927950231272
12.6101536217888
40.90626960648064
17.23675632220067
18.3365159983065
19.71583108945698
20.3738808277219
15.247742869255035
12.416874842735723
11.762573762093682
12.64152976177873
13.877658078313873
13.290297026224705
12.746408931846897
9.502074823587446
12.31931726953266
22.997098329112045
11.5435770679008
18.451354382258774
25.49619731718178
22.979429167499656
19.510695921196042
23.502588455313244
59.01742305274738
27.92778449699614
50.91903343681286
23.412025105313102
13.87365315629058
19.612018331302078
14.913665973003528
10.335573601373193
14.471353938419906
10.442163706856396
9.029502318801892
13.33006578856335
11.383530585715018
10.8659116682966
14.250295050658746
16.929117850512174
17.470880919059468
16.832152972675683
10.922448315171936
21.419620149445013
12.98284638863711
23.614177414088505
15.297062148995641
36.37924872754119
14.292150740601699
8.097703646384058
7.48608064640049
9.007089925321885
6.351631818811822
6.1852429294906015
9.735229199993674
9.415773081492421
6.676532237130084
5.839506049938974
6.840516045160124
8.49030932965616
6.205961880910859
8.700650036178223
15.797398648308704
16.020690062724956
10.849986802863734
12.541336923953443
14.366352676774111
15.360236781772336
9.87390948255007
11.162925860268933
13.018809178101655
15.657859164156976
32.527136857517874
64.75230918693816
23.553320068998936
15.959934354734042
14.389231495379947
17.108832233279
11.820486355582334
13.332320661657704
15.959145696300519
10.193493683099593
14.774907074598547
14.134795157861166
12.303642826582305
13.046264649748721
11.648309220953601
13.695697004211072
12.912524235275958
29.135843098149046
13.533280086669976
15.62323339683412
14.111781261450334
22.248016934932778
17.550620274042576
18.356669414945134
84.04661081492861
21.95080979424668
17.792930132538736
11.551991347756655
8.350653188901717
8.124541487160265
8.895214884265643
6.386638537359385
6.018194860798541
6.283581831359441
6.396989009006518
10.891005501914192
12.44002823646512
12.223299412340488
21.38460955371814
77.03242674705247
126.73466839312171
12.758011200841949
13.145428066687172
10.446200474207291
13.833303495889508
68.67335409767851
75.12278640722619
29.682311319092726
13.44288359600181
18.760906881435776
24.67476573559595
20.399832401049864
11.119185142606316
26.212013156429236
10.436059547028355
32.81455508110832
43.37739885819433
16.30031463153176
22.190144098593223
24.90172587381622
17.48183087887091
18.637202924662667
15.923641485864973
11.618510340995979
11.478328851981141
10.303200935673392
12.323374003748468
13.940987157378464
9.683744542754233
12.255226360596106
7.788454217329106
16.164355541624747
10.769710298850256
12.166278202497994
19.427900463382674
