36.910838573234344
29.60527301134119
22.398682143556083
22.749868999804242
11.693067880994366
18.180873934397148
17.220418139277932
14.506406076883145
44.92331575976501
38.7758163477205
20.377796750137772
14.552528337247182
14.845457310885157
13.36174677416255
12.557200371108726
17.53007600578655
29.291784279882457
26.72085593219997
19.70767303888493
8.87937966712517
14.387270331688258
20.84499532321751
40.372489928493714
63.62203698364934
60.45941625448312
16.05889934740715
18.75047385385742
23.73481261187077
23.855084068932754
18.00362356195614
15.90300441391337
47.61157205657665
25.041774536642027
9.245786478320568
12.4137901045924
8.44497557310986
6.593339166248437
6.208000270919028
7.979811509528202
6.5923494680389965
6.969017829253174
5.656890850861755
8.106924037756048
14.54880306019629
10.134928560963347
18.179453802199813
11.410323911111389
20.79406891435178
17.14530617374481
14.002076146688017
11.669747174068664
20.08947101326552
29.734477390694217
35.52492517172318
18.843452527740162
26.70284947561003
20.827156420138667
67.2855429098872
16.440307054271788
16.715458551011046
29.021281755255753
20.745975329398807
78.30160541056159
20.539048526079345
13.016624054305478
16.383498438825598
15.693823731270058
27.614893358845833
9.91896393262219
24.073582318176005
20.699299526844456
11.858566206345598
9.545374614750397
10.169008884677892
13.998192097998425
15.190556967788929
15.786223315035393
17.298787227424153
13.273070743920156
18.859610461935752
16.135467541769334
9.860531638364026
10.446922133414004
9.229545118476358
12.23824388788685
10.568780581958078
17.456757167467128
16.643639407025336
10.666463039519304
24.008855807677723
14.279324685980816
13.168501195583755
12.65774601435824
11.518093292714388
16.147318677919266
10.706266202955165
9.984721197971597
11.832501511601615
13.131015710389203
11.8049868971713
12.312824350498488
9.050572486002785
13.948699873253814
20.99093609044187
10.77599506215723
12.729669001370377
14.28886402710554
22.14847547899513
22.323902529298508
24.023916930768184
69.1930867849495
23.07397318586901
46.81394521144448
20.45532351968634
11.340608896666886
14.325488950286177
15.829874202291208
11.342412782315892
15.542848325554417
15.059701643618954
8.761284088474754
12.368237061342802
12.018357744165208
12.445296521501444
14.704566555623273
14.437609026644045
15.911575479389596
14.3745135982547
9.469854506340063
17.627084377087794
12.576660139128444
23.536840329694055
13.210019065897097
39.241902729338435
12.501045378958409
8.147142601907808
7.324048641342526
8.381437080099863
6.304957556975761
6.621575129884697
10.914889287370938
10.303009974139291
7.133240397560153
6.211102892832809
7.100807740755368
10.010810518352773
6.269153347770874
8.293960935550045
14.661572492870707
17.11294421400056
13.574049239765687
12.001065952074988
13.778003617724563
15.91755920101284
10.890696390760048
10.701277720371374
13.229177154920874
16.282716170188326
31.32320656999066
83.36018483271974
27.178673516386127
19.78215560546344
13.910749543932017
16.923091811116716
12.009894297249419
13.287545895169767
13.731318663562877
9.873016049429953
13.060204607681873
13.978160739002025
11.89919751540356
11.85881068601185
11.701864037389232
13.419368346970018
14.447487208092749
20.856616804692802
9.449470802550671
11.71141799773251
13.892981496532741
19.26014644148505
14.614406551976694
16.636722181979714
17.526207837265734
26.94921393885005
12.789795652371259
10.095016000221467
7.443450889136817
7.150475844962134
9.445590816612214
6.4810375709631485
6.013173746459583
6.025032927289814
6.619651716372962
6.9051347939501095
7.164831774992551
13.373633997445367
18.243775099448204
19.622210861399296
148.95950182682654
9.614313296829014
11.14294063942719
11.097855929426991
7.683974426507367
11.726221108541614
20.712373116032055
20.385584647877838
18.214716498319987
13.111462086577154
14.084124828974149
15.38575932423458
10.709174197250201
20.291350563555604
10.15699330689247
31.465873048171616
23.860761239225408
14.583660579522604
18.01998629210252
18.84960639220273
14.942043735804116
14.290498376142244
20.126410546369957
9.21794028235992
11.277043334591522
10.624514230343953
11.86650409560033
14.31785085706553
10.684934363684066
12.023087631748854
8.224997013348489
20.874473467729395
10.813808270189217
17.03799357840581
19.11004066052475
