42.3394360454286
43.79471891736569
19.087219940718622
12.568533595866588
14.099154304715007
15.635698587768378
12.26405186677853
18.82754899625749
23.823411350440868
18.195497283262522
31.27882902748145
120.5329621932648
14.35653161628514
13.306380151203427
12.952795372354082
14.456525143261816
16.40750960238173
24.71625247997035
9.957304491373229
10.820036859073623
122.70957572929329
85.99971628786872
38.60534995833312
18.86331930069975
12.583771948590234
15.795926030976869
14.086467174176963
14.547212471369964
27.179610675633306
11.919567897788463
12.77497547196563
18.6480882979467
39.05369832361112
11.973811693089816
6.860591298238972
6.990922041584114
6.398563223057622
6.534227815987904
6.919650656642277
6.391770381485299
6.296981866785187
7.544309771456679
7.484390903005776
12.570686369055462
15.5499951125209
23.98995696624584
105.77977326801371
17.666366698337796
55.39632464308621
56.5863994927509
19.41580394420913
45.353353159702415
100.09061343854955
16.597684354016828
19.815408224841317
16.997648835246636
42.650236098356636
167.59838738047085
9.86093305378791
10.613914926494513
18.03540672691556
11.059965169845407
16.513130532081657
14.476638492920303
25.9579898286466
22.660613756885606
49.80877083670608
40.26592753748926
56.692139901593315
23.175921291606112
15.514626240200593
63.49098677192543
9.8084648474563
42.30780555187305
10.30060201533385
33.86971621519876
88.33369585743824
12.538368242371131
16.757140215673157
14.02541296425411
16.72673882934576
9.38968329548603
11.77654583102593
10.700382584319774
10.360680211307901
16.46113457942778
59.20720934017162
35.21761563680211
17.049189560366266
80.96582081299742
18.146297409939738
21.196538305526232
18.55559141313549
43.88165319130301
8.625078828390924
39.87503736006319
131.49678889433756
11.65405122262256
12.513784805516627
12.447371580582708
9.08580923041533
11.382557698909109
18.33463233573524
69.28563677650115
30.017384438300905
16.667574226092277
61.6567413005353
28.731890349891575
83.07125851568917
79.94616947071097
16.348316709949668
18.412986433003816
21.972264264600437
16.09317782088528
18.5415319108537
15.727839450781463
10.194773478929367
14.940344287726589
10.352838482552569
8.816809470002072
11.655022839604959
9.56763545249374
10.70807680937516
10.507384318073852
12.352580906181764
9.712597791684686
11.044177680927485
20.298446585572673
36.99440157951921
10.964167656005495
39.620015170746925
12.926686511192884
48.688555791754105
11.610563225755044
13.533619043479241
8.395005271700207
7.123884942729407
7.922394272202039
5.921180098447611
6.867996320347854
10.276909961878381
8.940106107338329
7.023307238014217
6.642906347346379
7.434923588688368
9.958321309792359
6.241796458549382
9.437382216182293
15.851649504993
9.10594358038433
10.890649064162037
12.20913583601236
16.900599543830243
31.62653521080558
12.571746869177234
12.51291482525454
11.860024593713485
56.92079723330148
105.43126056529967
39.223311946364454
12.166368745457577
31.949306946880736
12.577773854808205
8.626935399967218
13.14730530228608
10.598238159044996
11.197145149474558
10.472783832684273
9.982945976999748
11.053080424863987
11.0578931890992
12.37852224456153
14.29714179143764
9.640612980676934
20.195263922454053
69.69180667347511
11.93954447201286
13.644307322091167
22.978321871624303
14.030400452590557
14.723254481309684
66.30757178428097
25.323732561113502
11.327630244026034
13.502236942834957
11.576656900158719
9.632384819522835
8.495076994857536
8.605580130643384
6.571212448474767
5.946444053762413
5.897614385120923
7.10137903132027
15.352972871447195
11.654055045373605
12.860427191328153
14.932553329519425
74.15319107447624
10.756947003450044
9.630268882664453
10.868156589854538
8.240223547517653
7.812391953480045
12.827099081376188
13.726326158783802
11.310918355240315
79.45706071848586
12.172001866226397
13.917446528715143
9.599132708392098
17.513621792087264
11.790592901333019
18.004507827454443
29.616831070395772
12.344489406747996
18.832173640392565
15.142315544242079
13.681050067687305
11.158230163583472
13.589732022947857
24.259527210133513
9.424745432268024
9.876736511123129
9.515666852325014
12.288076766759044
10.325585027922974
10.501423608103256
61.151712932977034
19.261907829299933
26.078659206566346
16.53407145134191
90.92839909723368
62.190192899990016
