37.010031382889046
23.562992051508402
16.08342643838633
9.594366161022727
10.27844804241827
42.1932224653051
10.93326986717654
10.942048151279387
23.54846834703624
18.9696789329552
20.00219218149142
14.466996056227615
13.062121127135422
13.545679137271671
13.467993016851027
16.206071309617506
20.859691879660534
19.73470587613134
15.775297840524527
13.835855324116968
14.993473271062944
23.33565844168274
23.498828950812754
37.24970320295359
25.353292719050923
19.64860344237113
15.32354699563057
15.12702391016101
20.352729379810054
16.701676964546845
10.181112402966736
15.962486972477114
18.58139458688849
9.510991722159952
11.379366369278044
8.586808347453557
7.330076262616001
6.89620389504107
8.038493919304543
7.228293163397624
6.769986631900521
7.253135499023873
7.008598079931776
7.210512658588251
8.83835268583894
6.3049848424568715
10.612629843414128
15.280350570296758
16.222858146628194
27.875735940540327
22.809831720636836
47.548471477493536
40.95359908223317
15.276287619271923
16.570231225006726
34.467014686534355
12.847054418636969
60.1666971048542
13.687148937226576
7.155742854892513
16.933934341171458
10.022430765020259
12.811942507120007
12.572111522096987
26.803250951659393
15.755651135002282
12.003331522560632
39.515203689385224
18.583873402521434
46.51067237301388
29.487038310534295
25.746056320689416
13.749035575306435
13.811154076359767
17.337899468076376
14.85105575146021
14.827207728113029
10.275831719188286
13.013849018784688
18.25325045661066
14.82869306071796
9.79387802789229
11.46637576384113
8.794602260241676
12.655202954691049
15.425980913248162
39.12819838539665
54.595364050542976
62.364443174072186
43.42935078977811
78.16842716033878
23.968375144860747
22.70717985929418
10.550568750841094
15.648532178133449
10.773008523209967
11.68550622541969
10.836509609902908
13.037628815919344
12.25956507718123
13.921198494542168
9.940939941583807
18.683779006194683
46.560278422702225
12.88756656017465
18.41142713347511
21.07545394050478
15.849247390121054
58.95182380814526
63.957260612481214
29.29489202356358
19.464614890571973
36.030707489227524
20.08899422796845
12.135685862853222
15.917583221708485
18.242384359341926
11.824307221107409
14.779452372388135
12.450315955027857
9.249040705973751
12.90582472544847
11.556004396882193
12.80292563529519
20.391489845075338
22.227020550180075
23.290802215094235
18.03604526145019
59.73138123044997
26.626318642255008
17.154588354941332
23.83896557880404
17.587614930911403
33.57658327635298
14.062621360914688
8.115528960190009
7.580140416640358
9.963594783111507
7.36386014304871
6.5381111382854975
9.077776531140497
9.484597977944567
6.6025375561594535
5.944400746154874
6.962804639570086
8.892922596460181
6.798660906946316
6.413143127821534
10.224643368732814
13.123045710567816
11.88023475403443
12.815153419744169
13.473921822471503
9.658650351128948
9.965101786527907
10.573584862495272
12.061937192686406
11.376962014403405
25.472453378733768
68.99278001227651
22.641976862045016
15.843588042033472
16.581054919393587
16.941219965746427
16.694826202897048
14.391836395543612
14.36159295580257
11.139282585126267
17.819893784876093
15.715614319518936
11.378214943378966
12.10098964845477
11.27712085917791
12.37902249521818
12.788607302620717
19.57362288833187
10.402051440842735
10.12839488440349
14.035577042901053
18.40342971459891
16.657881202726138
19.33606916542729
79.96319551495417
24.620464505163426
18.346089657960373
10.007969234454151
9.080009130850833
6.8790093761124105
8.887165523042524
6.586680473924266
6.397131012617445
6.193536052163282
6.0052189735692645
6.404374078090646
6.738499460815626
14.029543869734553
22.40596714207422
13.51532139487936
135.67188387491962
9.292514472849941
9.72444979909504
10.295728642646326
9.008592866318834
14.803014299709522
43.137872259601494
79.3311015908678
10.164840926436261
12.00005742313015
12.026869780147134
17.201927520464963
12.006597387078225
22.535379720744483
9.755011484764623
27.704351451939022
53.57023897915365
16.92921332005393
17.80889928500073
21.299893747300235
17.297474536207584
24.887449191882165
98.9329107376594
33.556647140562696
11.516822264191052
10.934354804768569
12.400514385359264
14.096381333105494
11.191079252907757
17.933903137443437
10.538680433465831
21.42446788345454
12.088461430501326
14.31053053623069
32.58675184501457
