38.289741755217605
32.55785389441815
14.349406855400098
13.551242749967091
11.527699001373408
57.051384327479354
34.87555964690582
58.133863563003075
137.49304071701872
42.31265176312115
28.42609839094758
130.91494297318337
14.59579617304017
13.023862036936729
12.035148452965489
16.701889060078656
17.71901518308096
27.45253162681059
12.925111561775532
12.69826722610687
100.80542793615652
80.69119418744606
44.43180944367474
31.485888999055593
44.49975086210613
16.081305175651615
16.8297940851928
16.589539645148378
24.19839084813969
11.18197017792669
12.859167539689263
18.282895783870547
36.00317451295404
10.734748355259645
7.316794085970342
7.436960095486903
6.294888953587258
6.660844888770867
8.277667027519803
7.283627981413283
6.587814752516398
8.643279992462647
10.10368552681248
10.77626162656343
19.046277672152797
15.662466074634624
56.06705384467805
54.487118570823206
75.28726819348626
75.36973763470735
37.576583792288645
73.73216553922713
28.56567644865032
15.470045464959536
21.61135558841694
26.222398113054524
22.799466558043985
164.61692033002555
13.08988020991265
10.5521607289356
15.478380670748438
11.384431489176912
14.846392682279038
13.406605867276314
29.286178608252968
22.753680421557668
28.08292376279446
41.44719659164403
67.82842660687142
23.319639629867773
24.62484285639717
57.054123791780576
8.63862255005131
31.297329545208548
10.384221859718922
29.147706180464606
89.02460753317362
11.774865756534046
17.17210260534872
12.894834663278846
17.586081147239653
10.030178214562111
10.858786773831433
11.109152512494996
11.46144283446213
11.54626558547132
25.36772964364794
19.515883740639456
16.87751651939755
37.21599463423822
17.613106072287277
19.64611960952104
24.64995425065051
58.70496027449356
12.716264286122264
36.918974608650075
160.21633490107706
12.96279699781776
13.048896372324576
12.164871043516483
10.59042187004218
13.036679464815982
12.639014515617166
37.220505585955
34.37078670987272
53.453316022574235
34.794861583111626
31.85529928445099
32.152954024163684
61.063949592854904
62.87516214688632
63.91922549879491
21.885065617120745
15.485862262841522
31.055222828363426
22.992159812159787
10.459949205816132
14.774617738054904
11.272765829077425
8.354308860095221
10.820323176828737
9.442619113184241
10.4855152630903
10.914508582595955
12.203003436685776
10.887598392356606
15.725963386212102
9.83916907053698
52.49966793272038
14.594044012293724
54.14684622142185
13.532822940088037
48.50615879774914
11.728704105814252
13.928174455840363
8.3180254383659
7.359621261340046
8.098016634619498
6.028852394246803
7.326116194563565
10.213772309313656
9.237155759991005
7.05645970699868
6.848608155759876
7.0678635496899265
10.956315933846687
6.267262354569678
10.056229870085987
17.069516689486097
9.30363240600833
12.038264033731185
12.00658343706558
17.355438143277308
15.463650411219204
11.279702412607323
12.205446628654506
11.895100384950535
42.908195860838646
104.67770898110383
36.69263247974341
12.272421398748403
36.60110280492106
12.454749096527664
8.535145371938796
12.94598168269997
11.079885962478324
11.222346574512287
10.314979769319203
11.094795563893443
10.955044412091176
10.370750283669231
12.725611610851981
12.975567960480662
9.504459469266036
17.62957182871244
98.730343552433
9.312087986262465
12.421059924368462
19.80903634775351
13.471998265950734
13.56381078363332
20.68128021667422
14.708168808431648
10.311740263585275
9.936807011611348
10.593916759958578
8.795718006217284
7.865912156656346
8.478666405011761
6.20663605623264
5.8789954464979495
5.8552086169453945
6.846755198351218
7.512724637839663
8.705825809751396
13.432287507808384
19.75325119549647
36.40631992253078
10.272197306035823
9.875314173760643
10.893104447912213
8.025281487279178
7.898890738557111
12.687544872596323
12.958703904616788
10.919416064326427
53.791309531021334
13.883425177536271
13.496190757419825
9.46266066182302
21.4076578964679
12.622481656991216
30.073337384083622
32.57804350440646
17.278193139623717
19.44162495911538
16.243377855347052
18.768869878438217
12.295482048505502
12.857584382937715
21.196768145021462
9.41494420487633
9.55318522639606
9.69739637143152
12.84574624564232
9.478330158718554
8.729869929816552
53.8561113088565
11.379832666157276
15.988435782085388
10.656577921107814
66.38698351433638
45.12157460094949
