44.682143241439746
70.00706478296006
29.48343511413778
20.672661999584736
22.91259800601646
15.15022834763735
10.928516547537233
16.07181435275713
30.771904969470075
24.367537407994895
52.497231114955916
19.910078801323692
13.87731596864078
13.2954724284368
15.61247353311884
42.57449313427704
26.25821474646008
17.986690533409867
14.308398443036879
12.70157576876541
15.20794921160281
124.70811932356801
9.203480061217693
61.35661800426689
37.51462775524288
18.13218932917313
16.15174210466877
14.106191863163346
18.76342025426342
18.619802412357032
18.619511713162215
81.84202742914208
23.279367198471636
9.812171367873088
11.839293654132002
8.797938612661104
7.076450582516179
7.2527292902156555
7.817556127113033
7.23737531579286
6.568801334665704
5.98986611217231
8.242433399965458
7.654898637693636
14.774967207592153
10.313079977337635
11.077258202635688
16.250182964495455
30.308818997016942
19.451868056182995
20.239924265235754
16.518983129660505
21.77173382507448
16.72957894813187
16.066638334253113
45.00802428995345
83.55277687544425
35.063598955568466
14.586434498972098
6.10871087527837
13.461451555185333
9.542617942751294
12.630443224532778
13.996616847379329
26.441767384538206
21.541285146837183
12.248975322760137
20.02387677152788
15.973519323483705
82.84015671447713
27.897686116168806
21.070592145354457
12.055855106337862
19.16957675683591
18.056686437226208
16.33883977277317
14.63559124588972
9.757204471320295
13.358695966142971
18.385247109772724
13.515503005983739
9.918719222236964
12.13996387179635
8.803446654369694
13.39628146518974
12.552031653030005
44.6703970416207
30.907333259254518
11.19562847970261
42.271255012967465
16.111733788199622
21.176859931367677
24.556255106182732
12.057207426852885
16.111388251920356
12.683906458031625
10.874890055968772
10.841701089102258
13.846805092999826
12.448513152344304
15.38039598343386
10.561834488415428
21.479076183880334
38.50980536298066
39.732284388524796
78.24123648818146
22.53917596083442
17.531560766265464
50.975843396419585
87.24655553473266
29.03642590548979
22.320221333652885
34.046299762302816
19.274921346813624
16.046200544969064
21.771407221081244
17.32299826219217
11.23888271055111
14.649208824351476
12.394112583319107
9.52804376220395
13.04191824966033
11.152955010605266
11.34884656676649
14.811580848261825
15.19740797797201
17.396234124121527
16.476760828769297
10.176922102792474
25.248604944614094
13.332466193057808
25.195822523533092
14.018089837139536
38.37700709606046
13.173981827788676
7.91462224119478
7.332849461760507
8.385053443005997
6.257270979493216
6.088434994679429
10.155578828781813
9.51473520575138
6.904384895150291
6.255982987135299
6.8550570755601585
7.523923161436431
6.162802296802898
10.38195852750493
15.48677275898024
15.24412809341122
10.68919321633289
11.716511471515814
13.64269161476051
15.56253983819204
10.170811492216583
11.69248729358511
12.728351998219804
14.731928106249246
24.71736712998225
37.1920724625287
17.14419603303377
15.350630907047636
15.105082237707107
16.609746129386906
11.933533863397077
13.474899920664365
13.961337087830056
10.033306834930723
13.722984595533983
14.209396903412497
11.319147471123456
12.636327737804988
12.170693314281948
11.795922621751306
12.099941046718804
20.579470239290288
9.570352358841854
12.937160258925585
14.447627832728251
15.285737542629828
12.694080137705942
16.372223892786323
22.69081791659982
17.883628896945424
13.636261780063258
11.724011561839646
12.612521864513337
9.636984452044322
8.259875272764734
7.227291354132243
6.116300479783153
6.45886716870147
10.3641610134986
16.57348201486324
15.169535141794864
14.192321790248368
16.57938291574437
14.07188673806724
42.24345976460521
10.29356783026588
11.356969635975702
11.599199713352604
8.747248729570817
14.315218598078053
57.10100344428737
56.86762331335402
10.715347745599992
19.307208520211145
16.006595389148124
15.864535372275915
10.402350421460467
29.709056775286264
9.941454359474575
24.648536731623565
44.81002971205839
19.900109304651167
19.948419329685244
22.910538544519685
15.95326195439255
16.491271253973864
30.671090212799168
10.418079068618447
11.364949021862262
10.696594769888634
12.351853664240469
14.271241531073025
10.333462538633626
15.091050836632665
9.85810963268406
23.744274535127808
12.803862233134934
14.828049422796232
27.164695558093985
