70.35297903661352
59.51896949561541
65.04600013973264
75.3023273206398
15.700435043632917
19.2756192644204
12.557202818347502
22.18169749156975
24.708243014770126
50.961756714873744
34.6819265504687
157.35634729971804
16.272239051926277
21.637354124784526
19.93905557936567
18.53140246430389
13.605892322527223
22.51082322177335
10.63019945966518
12.06709201033803
14.538356148426384
153.05691041456575
61.51187882212955
20.790817147146246
18.72029289174632
19.41553210969419
11.163693698686723
12.79256752278546
35.2573117839958
14.742526445268384
61.58952736119341
26.604990002225897
37.57581413158411
11.104331873562337
6.918993072528837
7.1488729692577655
6.202028853228616
7.069537164984412
7.1737690142119215
6.807644815029931
6.242459800009825
6.1469535503802755
8.953363164230096
7.305201925336743
14.749014188256805
11.031872841834613
83.50427029747868
20.93706112478302
31.712879091221772
48.56843692189348
30.186157482573307
27.60159684510532
11.354806596804247
15.456719225388166
82.0852366950054
66.00464901557703
119.29165201313933
155.73789871826077
9.803457541411026
9.262897761736404
19.549163519179334
11.011677014228365
17.98183628406691
17.251892963554184
31.358059920234663
41.878525489557674
14.382846312808601
15.837107254313969
70.52471894739561
30.485711370191463
14.477370350768243
82.88487980812802
7.991401305121597
21.701273273844357
9.672214967459668
30.75067398178178
95.6220760507286
11.721503538505106
17.24750139951709
12.77012050973748
14.116501288313342
9.380829907394295
13.435346316195714
10.685174146611065
10.211343055111822
12.111847840614042
21.124195873293086
16.828592096685636
14.081012926285124
29.290695299686536
18.724842061509143
37.91049534887809
38.49606297398924
49.272491571333475
11.378162685166707
36.87537528123387
148.06762321369905
11.588902655506049
13.073511812192537
12.691796413352142
9.734244740732048
11.554281113083636
21.19210992867642
44.951963315795496
60.5336424406138
42.96009654230157
67.27870001408844
35.19151075101936
84.9895970605439
55.33434917447617
14.459437689267727
38.22672212553421
20.69462400817891
12.400192273133461
29.47517876339763
13.762049142224619
10.83316615330397
15.25297079745061
11.325886192627642
9.301765939033363
12.002929824608302
9.132814323573061
10.195750301593131
10.870061465008042
13.06701114558596
11.066045454065106
15.396623706299305
13.438557096873767
58.12039976435214
15.56766434446478
54.743624301605614
13.067182437176406
46.61592015671265
12.969743692272337
11.254007327551045
8.070016063031941
7.14530822936768
7.6762292906204825
5.913019837419653
6.100574192354289
10.947638155141686
8.608555642431005
6.6439716097249955
6.791398434360699
7.000791437671955
7.3152739814367305
6.652375190381935
12.005689467742409
18.300535263405326
8.760957823462881
11.318793333730584
12.190390473217198
20.42119206613266
34.78756901802135
12.089890934315179
12.64524169184568
12.247130585382836
24.906001861901288
115.28687748284966
21.29580166953354
11.205990002539096
26.846944669299667
12.402451031871655
8.438344284806403
12.98212279012705
10.970431306004935
10.981475029117208
10.176639112609772
13.66221540455934
10.619908844100715
9.754286045324088
11.999206505950914
11.87437226599134
8.717513327882937
18.706352758902703
97.10322528613155
8.734434632356233
13.76197452976517
17.924616909550036
12.524788781660549
13.156431864798066
17.2234908103693
16.802601123142406
10.881453088265523
10.59304707442524
12.127700207181414
10.298682571404639
9.662039093406346
8.224892048914883
6.622223783919532
6.241915245495006
7.455109315371112
12.53259075949092
16.16914167530296
12.04122512267558
13.489518273388345
15.468645143173694
82.7434259633464
12.638768016892167
10.471146020817798
9.977369682967593
13.615701007801452
9.673279288115575
54.97463253602202
138.16320070041343
23.426414251188316
17.5650816312966
14.149203338495298
14.070875053663189
9.119881768982093
23.64348745171687
14.770037819440757
21.93861188402874
53.74311657524001
29.14542963182139
17.628566841097935
18.440339168202247
18.693331793531048
12.920347602488482
12.557847227440455
16.291871413807467
9.898997155696216
9.960550889917094
9.46818036235931
12.083193892351012
9.735000231877505
10.09780255390417
47.45244584631352
14.4636865337951
26.64886593277113
11.704150199176615
34.93660649686834
70.25523564361139
