36.64860298962331
25.947754375565736
16.617405859569747
11.961369991342682
10.998056499806165
15.80095483747759
9.951678339592622
11.271853921695074
16.269600551967716
23.311514190459462
19.61374760080392
13.337754807980595
12.777153965740329
13.243958146517285
13.574068556774062
15.13127275973204
16.45005071266136
15.056679860331316
14.835263127183536
11.071301582888966
14.461108796116884
94.96686502407526
12.43626162221892
15.02090698666605
48.259262626253104
16.431533272178253
14.97151757256909
13.060667902053968
18.625850370040126
17.800447620935508
11.251404283467743
22.748336680462476
19.8075435499251
9.742135493425623
11.270019728099575
8.767239197923084
7.136248029540841
6.787185628733681
7.58875356617158
7.711753070790617
6.453045869545605
5.75539809045996
8.439833927270731
7.497020325487706
13.545235625450513
10.566577150523552
10.50054899610029
15.71348344611168
24.571258765882924
21.806593370257477
40.527614791961874
21.00358961070655
26.38066660168023
14.98707287295715
14.780945209890827
34.63491794867419
16.98838296203121
97.61485075179552
14.42691074832361
5.846458143749106
13.409612239339054
9.524446595071899
12.442746560328864
24.592772793477703
17.65060163116973
18.81990800070524
11.68516182718139
18.99175062898368
15.443482918607145
19.653399587577596
33.53219233078864
23.819028290018103
11.049807175177197
14.933095615503289
16.415477028733882
18.641837723670044
14.510074227279077
9.71070092675976
13.351332532544742
18.50517440324149
12.869400248625473
9.643720735372627
11.392251238627223
8.648815850479599
13.40953434418061
11.849080639517087
22.55184712629508
20.324163783366412
11.744607359412305
33.061706010929974
15.40293934268824
16.1383900198306
15.751677720739396
15.914343050975276
14.428807845695964
12.672480367918928
10.825771533732338
11.653284296190057
14.07064781739855
12.631435627633438
11.841928545328596
9.52499020185761
12.825793320421564
19.683840540913696
11.644346859616473
13.164281870072342
16.474304479337427
14.77364169325893
17.157578677071502
85.3030377658133
18.127325419338696
20.004523668255953
40.697584215297574
28.22420092779935
15.988939248408448
22.279427204224895
18.162838346034672
11.428087782625205
13.783934798977187
10.414219113502044
9.023811549251128
12.352951552611128
12.176159488673113
11.939179431301921
14.692000774332445
13.47368431525897
17.030733237806427
17.899675826028975
33.513875936636964
19.53266979424169
13.155834610464577
24.71881446570751
14.101801269505433
38.9268060640518
13.870283228704343
8.162574927848473
7.299333654668841
8.74773393071793
6.390303016963633
6.631242284695875
11.160903822526821
12.029463715466473
7.275536510255342
6.221999518231335
6.969404489641328
8.83326759924647
6.298896537872563
8.61380815332326
16.40968808962306
15.178729773609708
10.60204588536382
11.75428733719351
13.513134914042977
12.896548320443245
9.911813351093706
11.722173863991808
12.039445960553415
16.168796667399096
29.628296651887997
57.448980103647
22.908851457520385
16.097437375123004
14.648219459013985
17.047154902344506
12.610797980343158
13.598817759204595
14.000852024394133
10.149806517781267
12.005689278219839
14.516246196530783
12.185365557844595
13.693750529410028
11.818784770025893
12.472615356103885
12.310229663786508
20.606291576655885
9.669003412293502
10.035800399858582
13.990060634970643
14.882057087756035
12.090943598574281
16.76981086726852
20.569044134626008
17.56094084875657
14.116705534316802
10.71498627871583
11.465225115168929
10.76739693720383
9.018554211771244
6.782082123190257
5.823869727354417
6.06269960445099
5.958536553420144
7.933286205207241
7.236310732382104
12.661374802287812
15.895120959164254
18.559707485534354
73.68858318591698
10.189189933510601
10.62341096476176
10.059379189378076
10.748984760273599
71.28715785377364
58.064115684746575
25.16616031584641
10.30987677078164
14.517008265125053
14.117070894324481
15.877173691810663
10.907211296920295
29.248018762978102
10.360899163093084
30.438286767415626
39.77371179804269
17.659914461318433
20.737796956627207
20.58754394406173
17.94669280738256
16.89681594277922
23.678311090179964
9.454046960960806
12.301551429796582
10.695929616722434
11.885768227968743
13.689596306739206
9.733919915624522
12.236165716800677
8.305949274893326
17.219576210207318
10.271864701711085
10.750364596019745
11.974750601353263
