39.7456
33.0813
20.9364
16.855
13.0353
24.1355
13.1908
16.4378
26.4694
43.8633
24.9872
15.1839
13.6881
13.5177
13.4336
19.2695
20.0614
22.6082
18.163
12.7921
17.3849
52.5389
33.8554
42.7716
38.2478
19.5451
16.3522
17.0228
19.9721
17.0544
19.6908
28.8033
22.6554
10.4066
12.4718
8.66039
7.21798
6.64973
7.82733
7.21665
6.71668
6.6024
8.04645
9.7812
11.6082
13.267
15.6092
24.8623
20.6964
27.778
29.6334
27.637
29.7565
17.9925
16.5788
49.1206
31.0175
60.4932
18.1932
7.74164
16.487
10.9694
19.102
15.2496
19.5624
17.5227
13.175
39.2896
16.7903
61.8149
28.8199
19.9327
11.8077
13.8727
16.6027
17.9852
18.6325
21.4642
25.9883
19.3094
15.0765
10.604
11.3254
9.15898
13.3906
12.9054
40.2008
42.2298
21.0033
41.0826
22.0394
18.9708
20.4668
14.9301
15.7445
12.3033
10.8298
11.4247
13.5956
12.8381
13.8512
9.74178
15.3568
32.8454
17.9976
26.7698
21.933
17.5847
44.2498
56.4571
36.7438
25.3165
38.3471
23.1176
14.1914
23.3469
16.8423
12.0467
14.652
12.1374
9.02356
12.7992
11.6224
12.0101
15.2044
15.8387
19.6116
16.2945
19.6211
22.0558
17.5624
24.5132
15.1235
36.0445
13.6744
8.3322
7.4707
9.21184
6.57048
6.47903
10.1313
10.1766
6.99715
6.10565
7.13693
9.16632
6.40593
7.93499
13.8848
15.0779
11.3208
12.0378
14.0744
13.6995
10.1989
11.4121
12.4756
14.9731
30.6665
65.3666
22.885
16.3159
14.645
16.7295
13.1291
13.618
14.1595
10.4091
13.8851
14.251
11.7208
12.6771
11.6082
12.9373
13.1152
23.8126
10.6509
11.5515
14.6124
18.1818
14.4329
17.6383
41.1706
21.0804
15.1624
10.5171
9.5051
8.43325
8.74056
6.83212
6.1374
6.19016
6.7444
9.74485
10.6782
13.4306
19.2659
31.806
107.368
10.4957
11.7706
11.2155
10.7034
31.0726
43.0757
38.3726
13.1013
14.7407
14.7623
16.8835
11.1696
24.2256
10.0479
28.6564
35.3021
16.2922
19.5491
21.2575
16.7713
17.9191
33.8487
12.4087
11.4476
10.8517
12.0086
14.0283
11.2892
14.2979
9.76053
19.9421
11.4696
13.6225
21.4383
