3.49773
2.46398
2.09855
1.28786
1.11906
0.942354
0.885409
1.09537
1.27824
1.47222
1.62091
1.3793
1.9704
2.79515
2.6786
2.08947
1.5779
1.04815
1.03092
0.874525
0.977258
0.946777
1.38199
1.94491
2.03219
1.64721
1.27593
1.16555
1.15095
1.09638
1.18929
1.23689
1.30289
1.04537
0.766842
0.656253
0.666122
0.67205
0.68987
0.654699
0.676962
0.745615
0.78632
0.855508
1.01232
1.11251
1.22796
1.44302
1.8514
1.98353
2.25523
2.53561
3.01905
2.61371
3.12928
2.9486
2.31744
2.11627
2.19392
2.06917
2.14656
2.18516
2.28347
2.26539
1.88557
1.73134
1.51303
1.50143
1.69216
1.62028
1.49862
1.19864
1.0871
1.01177
0.806979
0.976176
0.994524
1.18075
1.58017
1.34095
1.037
1.00239
0.866166
0.892396
0.86066
0.84563
0.800943
1.1024
1.51991
1.87279
1.66435
1.66519
1.32332
0.976669
0.863307
0.780297
0.658754
0.67212
0.830123
0.831285
0.782701
0.681407
0.689754
0.768293
0.971732
1.28713
1.59505
1.90346
2.1703
2.47384
2.30097
1.77965
1.9476
1.40749
1.27655
1.22401
0.90946
0.907115
0.716887
0.737073
0.656527
0.60179
0.620429
0.635041
0.648552
0.700481
0.767896
0.907085
1.10608
1.70527
2.11719
2.15483
2.24178
2.17113
1.74761
1.56106
1.48527
1.43043
1.29316
1.15133
1.17563
1.18195
1.03401
0.891335
0.950329
0.965977
0.853623
0.837137
0.966926
0.990814
0.867767
0.853456
0.941854
0.888451
1.00168
1.13245
1.21157
1.03166
0.989156
1.34603
1.57662
0.964034
0.953777
0.923081
1.18666
1.41049
1.62981
1.34443
0.99386
0.849756
0.719905
0.720115
0.740307
0.692665
0.698308
0.801933
0.973407
1.53009
1.99532
2.45642
1.8683
1.75116
1.68818
1.26894
0.928415
0.81142
0.919552
0.747836
0.690025
0.747926
0.664782
0.641834
0.718497
0.766508
0.79281
0.807041
0.853564
1.00284
1.06238
1.07013
0.863096
0.812861
0.848873
1.04741
1.4055
1.66187
1.46466
1.3825
1.16144
1.03251
1.05566
1.34908
1.45515
1.93464
2.06541
1.81022
1.23403
1.07121
0.954372
0.749716
0.92475
0.779315
0.656244
0.670939
0.610902
0.601673
0.594745
0.649031
0.783345
0.982216
1.22469
1.41365
1.44836
1.77797
2.5688
3.45957
