65.86801833530218
13.681249827874433
14.351983455725389
20.121491058948358
18.294827766143037
28.586787310576582
16.79069701741595
11.112794721386855
16.304789396217682
10.182798759819896
36.59442716477374
14.084766184753887
10.676808676205923
14.72576182029196
16.21920061766046
11.228838163312517
12.79447939710945
10.118286880339186
16.992370936174016
19.428756979929208
17.007361497080858
13.061340454137135
18.694900920472147
12.426820941538336
20.671128855027497
25.132035308297397
9.38571156705967
39.09823701386711
35.75960109177022
11.911258190159236
14.384836121273585
16.33688616290551
21.177133355261937
14.142439811588332
15.872345263738351
14.020349339549677
21.86714262683599
12.50659264562769
9.442989744126308
11.286272889284026
7.792758826324208
5.771743511622469
9.296866378944413
9.005905246986392
9.431414076314336
10.051903671066652
13.035004647614706
16.930390635433728
12.932527915425204
10.01400664776272
16.758249993010566
31.563979393695448
34.675371479651304
16.19538461811349
58.17287726268023
33.8293224668438
12.545083874073788
17.241706608124026
33.72435326296058
11.171271125036355
24.167600381574996
16.550552892176288
14.657837622575887
22.259604605223824
17.41618630168394
8.297124164367407
35.70845601286836
8.877397103213346
11.156055039460213
13.874629180674344
34.740334597321585
12.084520787106886
12.12378194670934
19.56224255540122
17.613226835293744
16.368510303944966
18.86604686047088
13.625151389375677
19.781613939342286
60.79693460850297
13.98431476332979
8.901809582536103
7.31648840481142
12.43916883662107
15.639563044220777
15.724076251379959
87.24536310358948
27.82513202037097
44.38759030936999
38.54803193088423
19.96754079972595
25.140051057460763
10.40502870028306
14.00120104982018
12.233242374688855
10.22610646288487
10.039855375919585
13.53385897704591
15.622345180639554
14.728495592550155
9.556954857889236
11.084093774645824
11.633044321235111
9.462180350058306
12.212619206728165
33.49831099515297
12.130880772450844
15.821139803936696
19.63875121921418
26.156062476294238
68.91433123298398
31.36678269926199
67.70547297835759
20.38672393976801
13.036694849139042
12.546185383355333
11.818219753839772
18.09240374091938
11.169292323688973
9.279103893333978
11.126047114006058
10.076027842681611
11.495502513474246
22.585495803143818
14.329963465609795
18.36089255899741
15.61232286318245
15.336911183592541
25.09727929687756
12.230866130612782
24.659553560647375
12.174277314186464
25.57982192834878
27.79189781399734
9.3939748981323
7.268956767777744
7.3098621070838785
6.656913332171769
6.1396442191483676
7.8287775503152615
6.709792270527985
7.204422961541709
6.266483700765219
7.062320153831406
6.2150444170942025
6.463512702993717
11.323804676144414
14.7750671492159
13.368313319482375
9.12956023515583
12.040763735185074
16.286198919129504
11.799889101897895
10.966866317002994
11.213598709906561
12.152501880422545
15.10079197578447
19.787326549479314
70.20325049013142
25.504225432674964
20.329497881045246
16.150315822219977
51.631492028793154
14.546432301639113
11.160420936015747
15.183340084518766
16.14476634034616
12.147409305956764
12.926287135597647
12.597089894016918
12.503786696276432
11.525594305045987
28.299422297635395
20.62277213935498
9.282355700585297
12.728734157786128
15.492249967044843
24.553506562515906
17.34529377536169
10.030196943289631
11.557843579547406
11.023316404405104
15.774424803427541
11.668066088648917
7.633383533580534
7.918517432392196
6.608592076107923
6.897725681169315
7.212670312732324
7.724420532233291
5.865258095367216
5.745160929734212
6.642646830421069
6.256294780847134
7.027226385497109
6.929470513370059
11.968831673878038
15.104459146364709
21.898351303781126
47.61948930836911
12.87537610871534
10.662483994014814
8.967528734240908
33.24618860238793
43.929789360176215
26.24392976235089
25.836391817298146
18.488484496604848
54.07602319999528
18.924076881785123
26.872357576083083
15.270825636979577
11.07309099892671
17.903791055984815
28.615050432326758
12.897840614626006
21.720639442888864
21.928292188605152
16.837552684806266
14.044971723131596
8.72618838595853
11.446411624559317
11.224357100415705
14.000323371290767
12.128790826339616
11.518696364859819
10.25220304153786
12.971954154495823
10.732377539699657
11.873206909372183
8.221197583814151
16.555445649374082
10.53336826714763
10.202442550929703
12.613396946648251
