73.7845040222033
13.884738438512592
17.436616989762644
20.31539335212813
17.69660696212961
17.532520199939558
15.87534200336333
14.36013716693138
15.636366725985889
10.363674072586571
27.385125757997404
15.517199222197812
10.819185900793078
14.863981204524508
16.682037499976936
11.604415294431206
12.894848212687936
10.296882452741816
16.855339501922046
19.60019463451497
15.976863793498966
13.03848612153313
17.46948779860325
13.06880487135082
22.2713023293853
30.593349322336366
15.839576427315684
88.09534531970873
33.09474864805448
14.34371171229911
36.677039324631274
15.524091498253997
21.216115124824498
13.616172370371832
18.354845515725277
14.506649800689702
25.861626774120648
17.013927548584192
11.109207679935281
13.654534582751904
8.461723792574341
5.861077669220466
9.548512993792112
8.580695963074833
7.948637192059494
6.861686640412893
9.45801216380878
14.516039552495027
17.88923683681594
32.5939300594126
24.99528726235568
44.70742185815048
22.268511269430938
18.403773627001524
29.913438710685973
27.752467245137133
16.367306259236052
12.486899582212457
16.2408605609254
10.161339014838099
9.827861581587142
15.29001419230397
14.371207821577936
15.24804473161978
13.48529809198534
15.070835636226752
12.837561914045288
14.042147844657423
21.58354215299953
16.35058634163481
23.727833453740704
11.797414722298434
14.242499515930072
16.53463385326968
19.407608396612492
22.62520310184436
26.11452986218709
79.11441129977662
21.768941052509273
21.669017029114023
16.310057434850396
10.04473446506557
8.641584363419293
13.863808410855029
12.395006628923458
11.933565954861821
29.62649667610038
31.69743319760238
30.487465533678144
91.5403389095201
56.82447607288012
13.378786901163409
10.458980894795031
14.102032394565544
11.658074699934264
10.111112652395697
10.921916540074822
11.972784426860102
11.642468951689777
13.607556113840888
10.556961355293701
19.264396828490387
20.840167868225954
13.159068137809076
13.46701253551349
18.921661600829683
17.207169520308817
16.072070910009643
22.804553460990558
17.01277314372689
41.56014648633154
19.626916659281306
22.942408299599947
44.18768545282621
13.35987302276334
18.340704268037456
15.946663773450956
20.495711964716993
17.204978749546694
10.833971826466287
11.334498247820163
11.520762288218496
13.726858630450494
23.488752981084772
23.291140350350712
25.514267021888376
25.2628761700143
42.715091970043076
26.028860120966762
12.240193029371838
50.45411235185991
13.156588680418515
15.887630463717175
18.032999362207295
8.409513427227088
7.7136779891970075
7.473592326552128
8.405296071219635
14.399071653164164
19.272990555173035
24.782330227607158
9.537541494575613
6.584617773891151
7.307703020931747
6.948589807725746
6.405561503443402
7.7398919681897755
11.326983978379252
7.996792460963246
7.8183985164268215
10.790672639083999
18.966004201944223
11.710992371917788
9.925466298562819
13.05073211459597
12.459495463143377
20.436582495284377
15.46665571674996
31.76966951717061
19.31130471737838
18.91629682913977
19.284189146264538
41.18188679502181
11.130893089133211
10.823004760426937
14.583353514811733
12.976621831274867
14.621519934909491
11.056236700651382
14.05673703101519
12.419837801177968
11.558013012259185
39.436628366045895
21.24663681651849
9.544988520867856
12.732742872796614
15.647616507271744
23.64961435075727
18.96483706070765
10.187092032531455
11.869771658635656
14.788333265541224
13.374649941388798
11.650549925735723
7.74316198311131
7.79532900899329
6.97138619847564
5.5553801427915515
7.163837343114926
6.729208972457471
6.0344204391984
5.628835805761932
6.00825552922841
6.497060322517556
6.482243390408436
7.024401762301492
12.695913783789349
16.53805910889065
24.55577135947361
49.18886466714973
12.7248059891285
11.804137462336813
19.54598972934901
80.42206271588132
20.165465431267485
21.804167192851583
60.06205815871028
36.36374569868124
21.467254047931316
17.127465647094223
18.89638381605535
16.17687650060303
10.433410019014365
17.237304275766874
23.67025743355606
11.574210149378406
17.5076745534124
20.09846702408754
82.7833658550215
22.54034425855419
9.345089758810934
12.49995213440479
13.391005331563674
17.906746207844883
11.96590874684568
10.644943056469705
10.627424457238298
12.428370508795997
12.712612270286115
17.13223018299127
15.533494971073482
21.5620010856002
14.046153591183705
10.755314224289188
17.112725130702934
