30.47428544067794
20.276354043746835
39.381116148419835
24.022490268003196
16.65344585756134
16.016373488527204
15.174166274702229
12.466947585575577
14.552193897419405
10.095473871410753
27.720485691624564
12.85311113958377
10.692796344918229
15.613337313556201
42.90883097720351
13.95331361779378
71.77128697794481
31.28295027943713
29.319973089964137
58.313325487846136
40.856988768054286
17.89454440210688
22.771052871001096
13.422651000905132
21.15259747842982
17.01457344621812
8.537663737942596
12.182087884958321
43.374243931762386
11.338081619532225
14.0555080754312
16.0341934990601
18.50288030522195
13.75663423340588
17.29820902123418
14.695041457216936
20.817379226275914
13.945562785076902
12.065229948639523
25.38051746856333
7.6897375023520205
5.970492957425707
8.680732143924905
7.83042367135795
7.184611439926284
6.72041083265143
7.859828529407452
12.153016193945467
10.441145317281771
29.263317666078912
26.26878623818459
30.920327141207274
21.00958425510442
34.78352925385618
61.758060393762285
59.2805407740502
17.642274688958505
13.333609137300638
20.982783458176723
10.677299116047964
11.768732253122858
52.8808235936921
27.77437060028136
22.306424004961983
39.00666004035212
22.15547257992458
68.53999222524727
62.57585681479569
74.66843000971801
16.553281610259745
41.29569368302663
20.302956762054976
17.74912527539077
14.92183638531166
16.490042526108844
15.270247401952965
11.96268321780772
14.441671257192382
18.46328491061194
61.07932510792524
12.10372659283216
9.75061593446541
7.834827445318971
14.82353560247879
15.491143456069736
20.563570196255416
54.42620043182212
27.31369634177952
35.92618379940398
16.461636192659892
20.901313820592517
20.144767607894497
16.5134532596112
19.25207774781458
12.186281432016191
11.676122268017382
10.121782009842072
13.755844442966975
15.338087389677556
15.885556460207745
12.02520616341423
19.227009212405065
62.39577083200799
15.820330743994722
12.145942950651078
14.3118121718898
11.278720427825283
18.626506043446252
20.81381901512419
31.456736083077462
33.25111187746091
86.97358551684026
50.01714712931561
18.16398838727425
24.66788431447398
14.406668957020079
12.555973241730996
19.912828671688327
11.399762237205104
10.454329035179448
10.860585229318081
9.847416950373908
12.223619949402803
27.728472399990622
16.579396541654358
19.40054548345446
14.049196676352521
18.75225633424019
33.32077134679896
10.738729318634753
90.7374645366188
13.062531493657445
15.565544573056162
12.353409351090345
8.75457022489312
7.630299806423211
8.662678916848698
6.587057355599498
6.4238136670597425
8.124363534867575
6.916345296362832
8.139137405712631
6.4145343051166765
10.136383487652255
6.695141075842842
6.447347828009251
11.029681946727692
15.500919857437022
12.920087220860541
9.022598688901423
11.706226634010257
16.324743560755127
12.036592163969907
10.642918574882815
11.352580412841668
11.866756381722883
16.17667041951086
18.225173315838823
57.947212129016954
27.2349385103384
17.976595825930904
16.828104740781058
36.79934254211043
10.658911578850036
87.69744686170556
15.521376980487657
12.145242527668424
12.77661206095917
13.328861781659809
11.246098809529498
11.495815045147284
12.389416252084711
38.81380841799926
22.105883507154324
9.253106160305208
12.40692994725677
15.327849564159331
23.363275562104874
19.292070338263184
10.61792271154212
11.333220728574126
12.510374096026712
13.995341958458903
12.043536779704567
7.726047623781969
7.691104541236196
6.9637174996217
5.742415866931553
7.036814213875812
7.550975534055663
6.367526668398219
5.663312160850217
6.149505047008879
6.217295757250686
7.2006767536636795
8.055368934601885
13.51333156148747
37.68104533750673
25.997900066665075
48.31833498753432
13.464601776056284
11.395764559424752
10.593749287906661
40.917575654809134
53.544821708282136
19.439965551371078
76.59706314699193
17.102145950279052
55.56875361055481
24.828218827991133
18.86808936483184
14.943480848832568
9.98544509817008
17.099212354926102
27.68772602677934
11.368665528525053
23.522660174202013
20.06024629043115
17.73717777914991
13.929067493045602
7.842493152479107
13.640416895936495
10.754012253660878
13.018713055899026
15.609276255814903
12.495941214307315
10.973223985678212
13.619438525944684
11.13967860665356
17.00751708782998
8.522724388918519
21.158348647083304
19.956342250797142
11.955842927577537
20.862410355580174
