58.6734
19.548
62.813
21.4353
17.3219
15.0907
16.8996
12.1001
22.0569
22.9082
28.721
42.9455
23.5108
13.324
15.2287
20.1358
166.083
20.9293
30.3294
38.1344
16.3763
12.1319
14.5065
47.8476
40.2308
21.9079
31.1944
21.1121
35.8996
19.56
16.9008
14.7508
14.7214
12.9081
16.2556
18.8443
127.16
12.0492
17.1983
9.25173
6.74021
5.97383
8.47874
8.1935
9.01063
8.55695
13.5408
20.1207
37.7568
34.5016
43.4847
34.2131
46.3544
38.9836
37.8034
55.0461
15.6579
12.6777
11.7706
15.7265
40.2714
19.0773
19.5084
15.6436
27.471
22.7481
40.1041
44.7938
56.0021
29.775
55.3821
9.19881
39.585
12.0429
19.8705
152.703
22.0598
19.2125
35.1335
64.8453
9.85687
13.3607
8.93028
12.7918
13.4717
43.8872
63.0689
84.6206
56.2678
38.0421
19.2683
24.4068
64.7496
9.6244
36.7662
167.451
11.9199
13.1309
13.0255
10.0495
12.2786
16.5215
38.6711
39.8436
22.0329
57.7625
19.2255
45.6505
14.9996
57.01
33.9278
72.5044
32.4108
20.7098
10.8168
16.4191
15.2221
16.2571
8.83026
8.58019
9.01582
9.76212
12.7934
22.4829
15.3598
33.077
20.2947
22.8775
76.1334
47.4874
18.9498
23.3898
19.8136
12.806
8.42523
7.37914
8.01262
7.33918
9.38263
13.515
9.90226
9.26758
8.47947
8.72011
6.79196
6.98065
12.8432
15.1626
7.30983
10.5944
15.8276
13.414
11.9446
12.6796
13.6781
15.8287
13.3926
122.001
25.9859
12.2265
29.6519
37.7773
23.8014
21.1194
14.6512
10.4453
10.9745
11.1299
11.3246
11.1042
10.4629
12.5586
19.3666
24.4694
13.2023
20.829
24.4611
23.8453
85.8671
12.2974
14.5274
15.5434
16.4115
9.99926
7.42355
7.61536
6.17411
5.89502
7.74743
6.30929
5.83633
5.45851
6.23249
6.7351
7.14769
7.9706
17.9107
17.3666
42.6552
21.6736
10.6843
12.424
45.78
50.46
44.4531
52.5045
36.3136
40.9532
46.3682
28.2517
19.1961
10.9415
18.9764
28.3851
13.0767
12.2271
18.4594
30.1996
22.2315
11.0515
22.3258
14.984
15.2328
11.5957
11.6263
9.01862
11.4404
10.446
9.26925
50.3513
21.1953
32.6564
12.7522
28.8503
56.2115
