81.6997806777051
23.96583833578273
63.27851814531622
19.86462302366803
14.61842804487327
11.534491300326255
16.259156370401076
9.75119695202773
15.091029932718131
16.409087663175985
19.8485550927354
20.130419194538696
12.727083666079288
22.15246904349211
14.142494078621933
58.09515606261895
138.73829858612055
30.46856985800626
84.78399776772815
119.73783411647277
27.33015283919345
14.756073930930725
14.915543791072531
51.43107802341056
42.59535236381845
10.296039409298967
10.79219508903219
15.816697378664406
45.025377612380616
14.007425608065207
10.989225327187688
13.382962633466585
13.858455243335207
11.913434108332515
16.031222151429574
18.34013760722526
136.7409346376185
11.346217706818504
32.424564073794066
10.190577819557474
6.857605947695913
5.940826224570903
8.048183933626971
7.771660387293357
7.279392293179716
7.053790703396956
8.727982040831288
14.087011813085004
85.21264409519058
83.01931041944289
62.035846594217695
82.3658809877997
62.17211397404174
34.236953947550134
51.84794500152281
83.29156960742421
15.185533000575019
13.399258172820414
10.905943006317035
17.69266584845753
48.373077702491216
29.92989554658603
24.794395582271072
14.009296537176363
32.433503287867694
74.14189665193648
38.58875314916656
116.89858673854604
113.08707754727928
54.072724964483804
58.93555188184334
16.769997876437525
28.32404371780171
11.991725993249684
18.574871640216404
165.2861723665078
12.72421076877265
20.186939512223812
56.54634051593156
83.26444951946841
10.65622043836694
14.184720955070036
9.420395953108404
14.51695995158671
11.429428866638876
41.79544025261809
41.56751018134421
20.66746192644436
39.70052797975001
18.561087703750086
19.389081792848412
26.3124030356084
105.13744890655356
11.738971337509911
52.67312842655006
168.70980268118248
12.190363540516127
14.075063872526771
14.566112648194405
12.603860641349875
12.23130723934304
18.058900699981265
31.88015077365646
33.71377708073427
10.60457830376851
96.73090728899963
12.107044767767732
51.327699328050386
12.585913306657325
55.57680514709075
87.9260444032421
52.354332523920306
25.502904465727482
25.762088464845856
12.229944230618372
15.00512498110658
14.949105420386916
16.68154494420624
8.950772686202408
8.402546664863294
8.582772741939586
9.475671848859834
12.89730115864002
35.408689146501246
16.153845191674634
24.151882357281387
20.84748826594985
18.98752222198037
72.8986291443778
87.0237026088966
25.198223175542346
19.8451886050751
16.975755199220274
17.368175708946946
8.240747459560874
7.080181930979342
8.730062706479863
6.451255584228625
6.670205221751738
8.006239844453582
7.015885241079132
8.077601399470653
6.47808356859281
10.5690588773524
6.623342524988688
6.996824681695913
14.081224941553797
15.08376555058955
7.4058434104037945
10.402787586044186
15.188214005787279
12.37360774343482
11.870486056511242
11.17302298606989
12.10837826706647
13.800033114960312
13.78886027841753
133.44980611503183
23.302139413821703
13.466915668052446
42.73959342094605
46.909506819471936
17.830982219614942
61.946862531785655
16.875787056080853
11.540495962577971
9.9534666680218
11.540597288960043
11.610785643214916
11.176032984604538
10.214190425971555
13.597799139891004
18.937151632706545
21.113955158079897
9.494444801129816
14.246882116150388
19.513583958751482
24.35863610750066
84.36107924314567
11.52741251592568
12.687753680178336
14.646743168337446
15.018800977639732
9.045126984011377
7.504621296081568
7.580899798056771
6.399492410660052
5.4811661980959006
7.998053692346198
6.352184550968636
6.041102850027337
5.448596799837737
6.192883116069822
6.03793938679316
7.492654728988892
8.814052638653292
33.560896086714344
16.024438554236905
41.51582311484883
25.892540343446854
9.744042545873937
11.37769761462618
13.893556488240552
25.410153988720225
55.01315180482603
60.227689791590535
57.54835904587772
51.2103083223047
24.088669438421796
17.63761387977735
17.050917451787726
9.969745895981475
16.26009677960556
26.994935555333957
12.339833508130292
11.056978651743353
14.316416353688066
19.167701025184357
18.404327180072883
8.543129583262902
11.399872219474357
14.206156383801128
13.320083821808737
12.047179176036801
12.038359373386339
9.477051449664726
11.839616996626757
10.12316577148306
8.906609454893047
49.21862403950459
12.358532975079825
49.621109358772124
15.722182677198507
30.322115894106137
34.436403793191
