37.15589410449652
15.166825329889628
18.214387457565646
20.60051247865074
16.353975692322912
16.816153397633155
16.350967618253758
12.76936003892108
16.75206400941663
10.588605461074076
35.61596685750173
15.595743748874648
31.169824544506437
16.5242671239655
17.68099882082197
12.76240035169088
13.891272751935704
10.31327665874213
16.855909520481564
19.29225953010919
16.632642160467555
13.603993408037901
19.379933150048462
13.437236040056934
21.450950991364664
22.680220099577117
8.473987568748436
13.157542775833255
37.550119362405376
11.758396188261042
14.681484079361347
16.821712429321714
20.89641469054581
14.640344578784621
14.496415715352317
13.87065724615858
21.10625989064899
13.375999372065495
9.85390011389668
11.303469740867154
7.305468660246755
5.809868583120641
8.095213471459237
7.924726817852646
7.852848862875018
6.494851819809419
8.965472248484527
16.282938117964807
24.06636990085635
38.13743784972198
65.33130929297066
41.91555965083223
19.37872389311585
49.024650891009465
79.3762147108241
28.234955044653475
25.4251170201976
9.782073731316462
17.061096359013288
10.41822362367144
10.063799672562618
60.5455569059385
14.461434774840633
20.070664018674638
23.152958579958828
12.013365712621331
15.247289008220896
10.586196550656089
14.32957267938199
19.028344583202784
16.815921568532836
14.807349732348442
16.117292759131285
19.0040348483095
14.686480235483973
14.634179162047438
12.199195058048295
14.90665826326083
17.66247147629993
25.30670184998525
11.37810585832769
9.273274393992853
7.336674069851677
13.203286276745718
14.439246552476257
17.755995213811378
58.248433868851215
27.359579544607968
29.59894302648276
71.06719378225188
44.83269345993909
20.376510647379295
10.361370098273705
15.211768320436493
11.712172404296693
10.347112173382419
9.580446652144508
12.173461427062783
13.618329199657396
13.045121016453212
10.59410432974054
13.090178520946147
18.7917032894683
10.526677823446455
13.251308271014219
23.249154060095698
12.449793594206286
20.088236640139485
30.562930269225404
26.049335556767215
75.75356451064484
27.21287399963966
64.28283408319524
22.167667166689775
15.8932339811611
10.659736896829608
9.954083838545602
17.678328490219382
10.43856903519128
9.929498096393955
10.871415510576496
12.27879709797333
12.2791834680118
13.494442715672445
16.51100669959636
21.655782476915505
14.453128749886918
16.849920061208405
26.774699934349012
12.07475897954715
58.12764212159439
12.425844733708901
21.33501431637401
12.18705884976141
8.964837601948588
7.499310456104872
8.004216223259801
6.985804247226815
9.127968226173145
14.225428671400142
17.388274856647396
13.999848066898876
7.291064746004714
7.9687221603966565
6.840297169552223
6.770109630956562
9.874054010055161
17.64149059244672
11.2128360308879
8.110483480767408
10.875048700494379
18.456825568924142
11.05566524440262
10.276007441191826
12.494613542014584
12.224707920144265
20.075240864004734
15.746089912682663
37.996009642327714
24.815381653237672
16.931742669288887
16.183304793532667
47.02502392535644
11.16537321092208
10.196968306753838
12.24871383158035
14.15871317604386
11.847263545819144
11.172707412791759
12.230338163206541
12.245916176325816
10.501735338058081
57.24012051788581
17.540399046967057
8.579810966500299
12.677102824281397
15.323041320293335
22.110066732779604
18.43127345443293
10.776801809430912
13.014395821674306
20.628934328209475
15.176668473445025
11.301892597679199
7.264848310209747
7.20631177620274
6.361321519198683
5.638689376333724
6.994672739741184
7.682182206914803
6.009320920079742
5.698528085781881
6.019601294838033
6.981304428298085
7.468527760265592
8.624106214777111
13.43712770564933
16.7797503093361
26.220960206914
51.67745230145803
14.549476167878332
12.061996437245472
15.784255707055584
81.74237900202294
51.03804954634945
24.339784335930023
20.964432008068275
22.942961004111122
31.01859528754221
22.144917785338084
61.41930376691056
21.110700091406006
9.975581493830592
15.9373274995469
22.905460604547617
15.087026656740958
22.805350199894825
30.657922688079786
20.478776999247906
26.344788056774288
9.26502381588554
15.99152337221611
11.256969687687084
16.026714672828195
11.912801773246734
11.28837714846091
9.711261513249553
11.852864483101946
9.997564072334288
11.888399797984885
7.713767720862133
14.349686215414478
10.461326875356246
11.09957461621115
28.71001100578304
