45.43327803048208
15.380563748590243
79.03541503711006
18.313950340049598
25.381111967372178
14.309866620538303
17.132825450997473
10.135056273521139
15.120356280664678
21.585107585866016
27.575956393907298
26.273237834935117
12.309725111285312
10.868204794162988
14.228612634302916
14.822572069778529
172.0787159812284
11.848235923385849
19.928945645043175
14.36055743923798
11.580686789304886
11.893655136920081
14.03818068927003
56.75118268134729
48.900047355939876
14.987825241898802
35.553616506177825
16.898274774561653
38.642677636895975
13.58080543535172
11.94986592820375
14.019229201916747
13.530380383856278
12.930225133598329
15.801986406074517
18.917791419502535
143.78746668907198
9.938332339915156
13.38880049920174
8.798612262270431
6.704703795482968
5.797344491579002
8.572733425674523
9.72440833567938
11.468802103241376
11.34540185681657
16.82180882482604
78.47228461334966
15.170879724160462
11.173564945001353
16.254184058091848
26.681291555788867
32.2010096896935
52.94378020425847
24.28905218272448
49.71303369598698
16.779443089323145
14.809039385230152
21.360496492937795
13.647064914375354
21.113350512785736
15.607592941872237
20.68913732547806
20.221714878895348
45.43127170147393
27.168975158127488
12.669564804710518
9.532313745595925
15.43190638055652
20.33501192270462
70.54731613081668
8.177342014249605
64.14541340365993
13.67160241737258
18.213036692842667
159.72996209255044
17.097676628872392
20.25845562449211
56.59381195696776
104.68782363638492
11.648555088141418
8.949612626563693
8.09744512001058
12.524784515256126
14.199837228179097
74.53084349312296
54.480782721802015
84.59339698339298
98.00019980766629
23.15545587670468
22.98127602378605
33.67860140874711
70.54014765568814
9.671336781353613
36.729541711330036
173.26570721406173
12.048866290926753
15.310127690548942
13.128822574506941
12.142018527628718
9.55502327486666
11.50096464227729
37.10849159379413
34.06586744429563
40.11550204862946
23.341661453159947
13.097373009578078
30.290167614800726
12.684889856188073
49.865004980343244
27.07357516783636
69.871202031527
48.687546379903566
17.007277143471402
9.747562832023549
10.669403243112999
15.321037005310075
13.704646369268033
8.300444227528674
8.550342677619474
8.541138479843509
9.563072473519938
12.663887670451413
30.173169567839064
14.799164626827755
25.26131046502591
15.968018515979473
16.978496210599268
99.46182334783883
16.107609021496522
13.261398695793702
15.921417411946601
19.03481551910512
9.194125094578414
8.644525853945465
6.835214179906605
7.388274977107302
6.6039885816905315
6.205959854339498
8.04843425677639
6.735465713698954
6.874549777788863
6.330811882694576
7.679945806949097
6.36521999445915
7.302218408615201
14.527247161909136
15.846084301817132
7.562935855892794
11.516638331118884
15.654012721519768
11.321080062589608
10.772959620760393
11.705712969765655
12.087749444738492
14.07094503320164
14.18855843093839
125.23675268230744
27.360099489722792
11.988280170399362
36.87926797266672
50.39008786680329
14.110928124113604
16.81733413533701
17.326582496470987
11.505616397252084
11.76212247086638
10.917851990244342
11.916308704184186
12.027450357320978
10.32977179785983
12.376545408713971
19.107262099934964
15.301553679778452
9.508772147294842
14.741151948870895
20.172390718719527
24.96255386685932
86.05689036475928
10.766644202044043
12.974018695717797
11.879220798852744
13.886999902131814
9.228409448754675
7.5153830594412065
7.6003277013257335
5.980197855828143
6.975781042307705
8.121628199276193
6.492432882031395
5.495126774373657
5.512089422935179
6.734008251521768
6.339752791842621
6.874582507965648
7.213347997699834
15.567892034723862
15.161172161158108
35.42493008737721
14.939400227875685
9.773778503424273
11.386498655745381
65.60019448135675
25.767091261830096
25.840228540088532
39.57098914026197
37.276936456044005
48.83731355231287
21.69631822413737
24.76815823930792
17.868779890119864
9.625219126264259
16.2243969591202
34.334579511841284
11.517287674707665
13.77868899147543
14.872101721765404
20.78399089048615
15.262717095944952
8.46531433904845
11.326054250938187
12.23561789228806
14.195827666783268
11.844771473424123
12.108348379615498
8.805481828745574
11.881069838962315
9.83663263649825
8.38110662690524
38.34482493086636
11.892089079650255
14.802723356756292
8.789083067184594
12.608223046431814
49.16492335136679
