73.86764812068552
14.085381376931398
21.17810788359203
19.930555757679635
25.657658707890274
22.226358603501314
16.97281481768226
15.466473003987822
18.213852232234423
10.409057754566883
30.75933653535295
33.64360647444099
103.26365068954793
26.687359865539506
16.365149705546703
13.490371659538631
15.508011673176851
37.0558321663049
21.742785160042132
75.47187604143971
22.191813508398344
13.818215040159306
16.615549231428957
16.139754669624956
20.965678094789187
33.12535651668416
10.851237656790266
19.479896328863884
36.507125978579985
13.14200096278963
21.384742052225672
18.858185405090087
22.4578084629503
14.25704275007761
17.078727154516795
15.598420625367371
24.46621691070908
13.492400690965136
9.973969743997802
12.185508238341537
8.056047345463966
6.035620933002823
9.440127586870718
8.922223684671993
8.685586864146304
8.713349529399563
13.170425791643115
13.309447884734174
11.361774232494627
12.369662006108715
17.397178255381878
51.62290964178869
37.25729028401295
27.897649361451062
17.552059115498913
25.930070609678964
11.901001579342692
12.480418433464594
16.29656998008343
10.502569214314315
13.860823968843015
81.74860939252746
29.45975588853859
29.449868291360353
34.48946305947101
12.58486108577416
24.488337801089763
12.483407413305486
65.95885708698869
58.14698491052135
24.688872673215506
19.171143373600646
15.371519431207625
16.253665188063696
16.80917171006604
17.96731465736116
19.392694631643216
14.943833404320738
20.91963134361917
58.853607203111395
11.623214048260335
8.882848734572256
7.1603415629014515
14.022350512233563
15.753583376516604
42.19784174221364
74.88592668657279
54.82062001483982
20.548608577909814
83.64055053451749
41.29471562471851
35.16986262591737
18.19909974434698
16.39689161268166
12.835948827177814
10.173726496793346
9.674076791211112
14.086134314463566
16.02385793650724
15.57986606877511
9.524365625803068
11.927953069199901
19.240256679341748
11.376822409895357
14.836464259575965
25.972027805663355
13.039085173802535
20.018404554251102
40.40979491642471
26.015870566800363
80.36293170713162
26.648810803908894
58.648937210470045
19.3131575312516
15.218755149946508
12.101064438930361
10.848424305571127
16.828158987894792
10.302401997855553
9.699953449095522
11.19584793934195
10.25570082203405
13.854496415718003
23.417741202963356
20.00450636242174
22.329152568187304
14.175605503895328
33.14387586803511
28.56265797469027
11.733002393570928
32.441581444871474
15.815273931641183
43.21148103140398
13.638180337085439
8.264236401868013
7.700643783055153
8.002749014239757
7.636191139197635
10.717283775456348
14.748160918159455
12.272889443723752
11.352252910538473
8.724015354898695
8.736110053080084
6.717908803683187
6.664148725657419
10.91567456368009
19.85710365101643
12.378917095846377
8.968213136526776
11.31056876786067
17.504819472356083
11.384820053863296
10.649914166493593
12.169063257893503
12.240593310186219
19.319063000065
22.642809035580598
53.284088094952345
24.67590118534647
23.053557053023198
15.646980497843648
39.74366650131169
11.905315140186945
11.209993382273003
13.355120060597072
13.478927195502221
16.589054585520987
13.18047832214187
11.785535956147545
12.302341703534397
11.430495723541307
51.79756928468133
22.81566377446375
8.875859507460124
13.18257520211373
16.085295773748136
22.255529864373564
16.647511809890222
9.827500561221433
11.642920595242561
11.349834393180533
14.50992876433678
11.296920984273285
7.659347839607191
8.096581681702835
6.735076914943851
5.5741284118009045
7.025461195631356
7.14188759347277
6.146970279835651
5.678538245815061
6.235736805818517
6.386922111580222
7.152277828907172
7.9729977620095625
12.272523151526567
15.500986317194148
25.093897817423326
50.632545590044934
12.055985288125163
11.894274433649635
15.16883440161269
27.36329444343897
47.70601980269865
26.70982974584262
75.33616204150853
15.837398621891047
24.84392106052278
82.05626556689474
27.3157034961148
16.414801287791928
9.685478710858687
14.69561652445207
26.216399578225257
11.750818703917444
18.026154101131205
15.465547856093115
21.38631944385248
16.230612863317972
8.318814429597948
12.242273011704837
11.350081803362773
12.479966119689946
12.242565033820684
11.893446295269914
9.81938559616719
12.595395546537333
10.68874800897949
11.716943293182009
7.937526070064316
16.43669088486414
10.084388983667665
10.687381280647356
11.930303899183148
