65.86612659398907
13.433276793546167
16.128508292856438
20.222554730002297
15.694888120519488
14.771697031837293
14.924631001258978
11.895238322133316
14.063390849232977
9.982327691710553
23.93302699867399
12.766194249760881
10.579643717477715
14.637977851589588
17.15835922447586
11.21090433526466
12.308097121347165
9.12804543022366
13.600568156465116
16.63356032994377
16.386330946433468
12.245675340460407
17.7705610533859
13.903402118984248
21.36138805575501
22.053494558919255
8.941665945190351
14.325999091838966
38.862426332433095
11.383375772519114
15.71796760270499
15.67324680890561
18.941162937718556
14.375138772247704
15.509795659605272
15.08551213632606
22.13551009736218
12.04160515927439
10.044821256422443
12.295439953061305
7.112018259336492
5.792516516590658
8.068191893642883
7.532463330911122
7.168783384794395
6.293389129879482
8.390281507911121
14.608914957429022
20.180686139571737
23.651033739808284
79.22020842334841
43.10851526594744
22.167659118396244
38.88819014054347
77.28974203458573
35.13931167795507
15.713804457686857
11.989448882204277
23.363956461296976
10.060084731336257
10.02469096927396
54.483530336553365
15.096112232469704
16.126750204620432
14.714699798424256
12.343587000346648
21.93520671566506
19.575316649172024
74.07747869334807
19.50332282283958
36.2779005746786
12.440750700118292
16.320172728814956
16.25456699862073
15.997924168275027
15.965041787428225
13.266168468160993
14.365096727988272
18.289937852778635
71.00089311056384
11.126017736079495
9.556270252114174
7.640811084756845
14.41358590238521
16.04007814934711
13.633340119344279
48.13833402250008
46.32390749281891
30.66675952080744
85.84986994366218
33.71041486136801
34.924913579055016
16.536580485601963
17.182098152112818
10.69530042728293
10.404016282451957
9.751399079811188
11.703920615606531
13.087740231443373
14.694281011418845
11.279825848683927
15.74527015475814
27.02853229832113
17.46957409336412
58.63861603437446
42.36275412801811
16.46122236000328
78.57721580063698
28.498107382365948
24.51062858815405
57.36826205732893
30.748096889199463
36.66326087608493
73.90766338659279
17.240461908062763
12.972155561370748
12.760290669608905
19.06145439418717
10.670666438713086
10.22346176979153
10.997778121142609
12.59585348153884
12.934247371736006
14.421850590196007
24.983950023389735
25.527979001759977
17.277452407041178
17.634965539334942
26.191245223876034
13.505463457237074
56.657604984194236
14.707652121860916
26.56313181045395
14.729102950843808
9.721743805524103
7.471955732303518
8.456582978758396
6.404882468934881
6.690847086854798
7.975842546419601
6.652143310130792
7.67709990142181
6.3039620725742855
7.232488396094272
6.144487749900052
6.482987289859216
11.240942538219885
15.699357975064558
13.585828533860532
9.550925760105793
11.680871899389032
16.543638950039245
11.137017254811193
10.775601187268503
11.033579391185448
11.734951493890286
14.319825824795473
18.156448046180543
58.65731382591329
20.843400102743672
18.453655006690806
16.995008586460266
36.45875388120831
35.38286708928508
32.69382982945508
17.893882556980632
14.436832229544283
13.105484174900065
10.828195983725896
11.259835140899504
12.457136538464807
11.133133990259829
40.51263314681249
20.507190313698917
9.213931809968862
12.353205756229817
15.07870676202761
23.850885647564073
17.748141813672483
10.19321989725312
13.35899204591712
18.487355240208522
15.87437993992251
11.939980033903558
7.66274395050984
7.391100507353374
6.749825975452561
5.645759273678984
6.7906220716377526
7.092235957811307
5.961036234174015
5.651031386688637
5.887601443415584
6.357678339705785
7.917120211008412
6.840458559269286
12.401036782072218
16.17572940773079
24.547004068184023
44.10541094556156
12.527883503876652
10.968919756408525
12.855283464072823
19.356332119174052
84.10829826280272
28.155684905751208
18.10495261512611
15.672224898212416
23.582423379426583
75.28817042610576
27.578144485166032
16.09553616667788
10.163055602365016
22.2379252529344
26.183140622387302
14.59357632567446
18.672409519928376
16.858464760005067
22.10556039032197
23.869916465733976
14.653901903787373
81.61855883209299
13.81058675919151
19.598505208613403
13.97647125288822
12.140576442089582
10.929149261787494
11.469565597254949
10.176934081074469
16.586439586602136
8.745604652406639
21.23052720724722
11.313710124210067
11.451040298364386
22.883168778699915
