43.91893131609032
14.845968433920476
39.2000983696689
49.26460647798425
26.7236230185912
19.448632634646415
16.397373581683286
24.91849628003569
77.52076178030129
60.37750224968026
106.21385662891791
75.5541961178264
42.53847279438927
15.492960817107186
17.220249946504083
15.147840987364573
172.6023578915694
12.21327575111173
18.42017691675356
13.566895956619256
11.876344219617451
11.230215270000885
15.050395804594055
27.955625918469554
23.873168995697554
23.133496972503057
47.766576253864905
23.926463072640658
21.83630689536216
18.098561807399356
16.23655944214821
14.052710910395923
12.865580992847885
15.00218224774857
14.010378148842216
20.85827301482645
153.84849590492124
13.325862592048066
14.173878308109591
9.28948365672456
6.380892896783494
6.085384144194948
8.866614420972589
7.849607711150507
9.388263591518342
9.467668801955055
16.207856837361906
9.966402906432764
13.490983293343687
8.02256293509406
15.873095215519609
9.807603653000069
16.059654506087124
45.63242509246877
23.190834057243872
62.22985654538854
13.006796779820329
11.934050986469007
11.569521372804944
12.111125973762375
11.250976066669578
15.002688492260614
21.977906390612645
20.948758956665397
99.78770068180556
9.920268816732769
119.50595997452093
73.33053698687183
74.53142501464906
12.702686905569442
48.91376456692657
7.791720419427598
17.25440372458673
11.394689924848473
23.33069832227487
144.4670298821963
13.108118355197037
16.6770217189663
13.432594328742232
35.35602102732713
8.67545020468554
16.30651203055138
9.651581414550996
11.84656167431316
14.363555444592702
55.00683748497955
55.20379738666436
154.16898465184383
52.412424670645535
28.93146273071209
15.651528509453758
15.994345115004254
54.62594240419976
9.267757868335927
37.686867012321564
160.95954332194074
13.296835528652728
12.327874874409352
13.117483853413807
8.273849334973825
11.88870426503322
18.548355272985972
48.750727820325686
31.496899221008995
13.640108074158661
102.47144451934729
10.953354819643751
52.51213955737247
16.44305263928411
39.70165756299373
27.888910209355345
88.46122471028784
34.118900902702464
18.81421057592789
13.945554478509301
20.706965576936078
14.111661763470224
17.29744704597115
8.673457733753358
8.59933978565918
8.970116337398325
8.309009267249438
11.859410094369965
28.84470129371385
15.595873860166494
35.411075424660154
15.896456117505874
19.13950037183935
81.55798142626445
39.038192906934206
17.06597774401977
27.9702130709488
20.816214336265297
11.481630459658664
8.372234015318531
7.521665296884072
7.772000165298924
6.174835673218109
6.85307781838326
8.498731630239263
7.350939340632955
8.243048920599696
8.024472885925613
9.47170172760639
6.670168417530119
7.124458688190511
13.093153507010372
16.582135118700837
7.211704884897647
11.556818273735406
17.718541829227973
22.46110866049396
16.466927727448493
24.692657269881682
18.32494164533098
18.5250288748917
12.946369630363217
116.7653116732782
38.312457345892206
12.461061728069183
22.639284824998736
24.26703270580774
9.7996424431024
13.005460849387475
12.784984789035816
9.298221462569238
11.257254097326447
10.979107215675262
12.014597700355015
10.679313267814676
11.053178384210874
12.60311127679616
17.905147451747656
16.210613306620385
9.503851618111
13.701392725549287
19.39124005137732
20.193481844238566
86.96168215973603
11.628220245531933
14.659485352977052
14.193389684231093
28.144976306129067
8.958628278000624
7.466900150424857
8.368578993265558
6.313463820928608
7.977828683786855
7.53403776318973
5.906615657096895
6.281090358819959
5.651235613165277
6.226111941915537
7.4332082820161895
7.8772802404442555
6.609111552821619
15.848931610410022
15.681699011513798
79.36030379530887
21.33216572336868
13.541570548276638
14.081148036870518
84.61988122661012
75.70402716100554
66.37814761187686
60.52328408286467
55.791969343565505
41.75625807228201
69.40021809027894
17.133515016313204
13.939933901023872
12.515285184284402
32.89564308574194
26.573905000407567
12.421129202949981
11.562955002479168
15.972533897539847
61.82124624858616
33.900577256414294
11.793046261170645
12.227381108266789
12.136354636317902
15.225912361958953
11.035698596122964
11.715767649452424
8.842553634528157
11.313655783122016
11.319533047716352
10.203599087349623
28.15974912429416
92.02399596190492
56.35955758909985
14.156982027489018
30.578964575711225
82.89423749521839
