55.83731523751
18.818501252548867
62.12727282857234
15.509274365844982
14.692550770370135
12.769989326207824
16.53076729939048
10.778499764144195
15.427325661313088
19.674743750734567
19.191238747579543
21.80658675580745
12.623811171180762
11.24009822873982
16.471602729740923
16.61929239406675
170.34949076858229
12.286743924144568
19.338731258713924
13.4432269670921
11.127328443540888
11.773612271997937
13.6872896887886
54.031746876968434
69.28943441114933
30.079320778777497
77.29229036626681
23.139814485342807
39.98628757799719
32.720264172272735
15.580983316934038
15.370338141126075
14.50435279624362
13.69898689791548
16.433811757609895
18.996132573476814
147.94341708342074
11.592035606326307
18.684542782306252
9.959090635639141
6.772116649287379
5.993868322896416
9.526232397549936
8.416703726123945
8.495487303696693
7.829312201036925
10.60015955255466
15.098691363727799
31.363520558833144
29.3137747449047
71.26120499819358
20.557755891238976
69.94729218768173
33.93400686138128
36.949489833622664
36.17899599041741
10.985936920508516
12.43611575072973
9.226487703496582
11.480303205525718
11.627872435300633
15.075349037551975
14.9772624541973
9.923098735450742
9.223725633710108
14.118520978124383
12.87527713387908
15.633952989525463
18.626604699405263
12.08634277606126
62.18933931891208
8.262897046178105
31.131419388982206
11.475919849202963
24.365680793412526
167.8802918766219
89.49471528822286
25.617475578657846
16.81206390912309
70.23072384259841
8.992175543155335
10.778847313861327
10.563239793678921
11.85403954689642
12.553624084441559
16.055443645562935
69.39645456857447
130.819925607368
65.50936366198017
40.504248792469674
17.83558420708712
22.329665187418346
77.58152531269037
9.22067897170156
26.582882236560707
168.9076820381245
11.372964782465829
11.454540750610429
11.9040120817358
7.693829750606801
16.915247554125592
18.522196672795648
24.48550557480851
53.61513127188009
14.162188756986682
142.00089658475935
12.15200505756709
19.570937416425544
16.860707737243647
60.83789440636226
26.717197211823972
50.74818685774708
14.877564313015382
26.376595562700437
12.053677296671141
45.35978578970675
17.513288746489586
17.311798576492752
9.197828701715288
8.694399307775386
10.136305281745832
10.39300405646824
17.785896657875405
18.796898505557103
15.73050763979098
46.32979889411767
20.469686186748593
32.88002516064653
56.84981595345814
44.64589256799472
16.5306279868113
19.08320377454175
21.24725041934751
26.078308434224407
7.92752921987939
7.902073232652842
7.71377501132627
11.241452458085199
20.69313487594757
29.66592799421373
16.535280086924452
7.715459533826872
6.213739228759669
7.305636687037584
6.743219525144859
6.077062738475841
8.052365559625887
10.248196330763605
6.560640112596057
9.168877420689173
16.145937096083685
11.979417849859198
10.55444811320239
10.776909150208493
13.800268513579724
16.653203268374334
12.201902304960061
113.91096867686954
17.65313098232379
11.994433656202927
42.273071856825375
43.725143814060196
11.485191569330938
13.166281111342581
14.323829289196615
11.723929709077215
12.512777729534992
11.395405699949395
10.259280894356898
11.53675657956779
10.548988398812222
12.154047763303463
19.069327963747607
20.22967985253195
9.725322659067583
14.53407072486218
20.412483117634064
25.31767534184049
82.00033106270794
11.163640838405094
13.575649020268083
14.439620170390901
12.088228061567206
9.22680669477588
7.342519887784572
7.75271984511754
6.297116628559862
5.2645976785197535
7.626578108344218
5.791146853406776
5.736289169660198
5.332558761954708
6.09591661083773
6.584454268490266
6.4158249862429315
7.2436514976205935
16.58498678033768
17.40013092800868
40.12871426756847
19.693060489267587
11.043782154099858
17.774561032655082
84.58671396586841
136.99267684989053
30.51761534609755
65.81315468382223
31.907873151652648
25.685782035714336
27.866113815147987
16.507722451514216
13.37280666161985
12.936946638375318
16.709046062975187
25.938197283510775
14.950179280884752
11.390658080580417
14.811857341767558
79.0748795596665
44.33328151062846
11.970814228952337
11.432934388155447
12.962328323831152
15.387471138688754
10.524689724837566
12.266669717974278
9.602460380395181
11.463625769166324
10.377361529275312
9.989806428753576
48.82274391721371
17.50677448817796
51.07751283769444
11.217957401010361
14.676457380482892
80.07836582467691
