45.524814760541595
14.545722080926094
25.07367138008627
18.80313020427363
17.66914877104384
15.356963827116335
13.339335563009135
10.57127233725124
12.353379344419462
10.353918635719511
16.205185766148244
19.510632703155803
11.21421337561985
15.14886073772211
20.775728451871633
13.951708868715828
22.894954092290796
36.463511206471594
67.94371068187517
92.38760982170558
29.740484922540702
22.798773376458207
17.289239001503564
13.40232419872223
15.093542994621677
28.54794950237388
16.260517030811428
68.26182861419318
46.14341641344307
14.595754830993437
39.387150634909446
16.65633437232845
21.179901540702488
13.350908310097582
14.1077170477191
12.441944118726317
23.29961303622832
11.381168557503122
9.895699840635782
11.484261819036512
7.92967527166215
6.556500552347381
8.703555074107417
8.26340814722561
8.787517978334584
6.698784657679333
8.912941550562014
12.846294261555894
18.15025583545472
25.67801918489319
75.38618664795027
40.98948742129297
16.493461610698734
17.927718316291422
13.145393746174959
20.979115218062677
17.81493720566624
11.121030071412035
19.569469472292788
10.638838071536563
10.119573709104463
15.548425339576662
15.247600263134093
17.482291699434363
24.6259922091424
12.682873577694032
48.532133033046875
13.317310825461805
42.961077838189304
43.33193325869003
36.86504635997499
14.811641304876245
11.002638774220967
18.195332923293588
14.099951930896381
11.515753403616236
12.365058328308676
12.917544997294488
16.174198688679283
13.77522919061974
10.625817223881956
10.002985743488377
8.860005219884208
12.880252187796751
13.358840456035605
11.611929265445278
25.523270199688067
49.76976196569397
35.03946346698328
38.05892223078404
37.04709369375526
16.357466414727988
9.118466820971687
14.431799718103438
11.723971591783057
10.26443581507369
10.09590418211634
13.262454646092042
13.189344125607017
14.860222883510122
10.91591576896141
18.864656038592884
20.63560517019591
9.982540099557093
15.006850510623067
16.9454152235298
11.289413174898684
22.98918602769693
40.16299512204077
19.586482239089225
43.75860370891643
27.989271393197853
70.6101858010975
20.22162579188916
15.549815213742011
14.599788328213917
14.401300859370394
22.476876105284823
13.360454217802543
10.375382452280034
10.99072034877127
9.218553806782166
12.526160089970197
20.27754065385787
15.913397281370681
16.163122915156894
28.648144831339913
50.390399220451386
31.1370034634189
12.969527501214907
75.38349845154856
12.724910123386659
14.203585247007995
10.96999838535784
8.517748393209203
7.608222213832752
8.901629173945402
6.985259886943238
6.717440284140508
9.413891470908172
8.397209762982857
15.236840042725683
24.503411122419003
13.838753211143631
9.502484710648279
6.81078601368115
10.261722899318258
19.199831777015923
9.301945320296337
7.857587569081337
11.08088939688528
17.743441114030613
11.24546860635974
10.185327542733644
13.039631254160556
12.30369920028671
20.090913532300483
17.53517300629512
28.969418875664605
16.804482615824572
20.555017901019575
14.57128905870191
32.571055600425375
10.607145529040054
11.413508215965985
14.750846726701317
11.715058958128079
12.974442757067974
14.288501234570923
11.78781543884578
12.193460845003116
12.537670076689448
35.32481960520881
21.068117753573752
9.752208599790338
12.61855795293765
15.618906005798596
24.05315997902992
17.12787140006927
9.951101075755686
11.654162421555625
12.09338972965274
13.63691473899431
11.723175710034328
7.623908192782894
7.828594133273062
6.570648573378303
5.593332674547959
6.938288172354936
7.9746211391682476
6.184999721964276
5.7478807815739525
6.231541441654129
7.083248312040813
6.408407975580408
7.200944953931034
12.717851388443371
20.19394046953424
26.667955861094452
50.0598873421232
13.03999120525371
10.948177881806464
10.569062662802223
51.776096259165854
53.63218083698535
25.42884715952125
19.148666640049857
16.13346387785794
18.743788161713503
59.00636127996833
25.777855812682294
13.034145644768778
10.121611686327542
27.92826763917619
28.886959752540903
10.768970940780157
21.308215289965013
19.63877364974129
17.661606751153197
13.888989334107047
7.566078449414001
13.798582008331971
9.82088910940339
11.361004906162655
12.654754410532007
11.647798148672601
9.526157744225353
12.317646626370138
12.054697772562575
13.43038545822944
8.796056485484355
17.137187197079392
12.710456368590481
13.489306188164525
19.927469265784964
