67.44485037956136
18.90220953426368
44.25908702471053
14.722957576562248
13.076106627119543
10.624957357380717
14.093022075294305
8.429527357008734
12.959369186139728
12.70830830577809
14.05515077171813
17.129077584442744
12.698278242387724
12.551483190824003
16.197344960686205
17.71487283540806
153.06329798364885
72.30400270482664
36.717878536808534
72.37226765351917
23.47233918288271
12.539183045631226
15.288772820435192
44.34341553821773
25.874750453436715
34.02850646567763
53.25596755422329
36.72049915089073
24.798628016438585
37.4865073394759
35.32902516488116
15.782717755721537
13.694442739827455
12.237534275143767
13.428754909736496
16.990306658994943
78.09325654424624
13.523617435644157
16.652756600378265
9.552073235840817
7.247189304923003
6.576915033932191
8.990624119947562
8.002396244180144
8.902697442481532
7.345410756768066
10.384126168335365
13.722236947850602
48.410785679988244
76.45575368719464
54.00729217403564
15.942931683888954
18.11906620636149
12.440899172452687
17.59694329015111
17.60193659247953
21.304267948380524
12.822987125890423
10.94075531378301
17.262465393915107
11.845705840229934
15.049886701994193
18.444424206331966
14.722239815491037
13.386050215844415
40.93074371960943
52.914186444661915
42.18981022997226
50.92167313124451
39.42944111124126
22.075379639679984
8.41397781290369
11.159118711655912
11.314823067683383
18.603598541499434
111.54992262807025
14.083685141839599
14.55826298934846
11.55758744542125
27.909153693015604
8.378689141451318
12.969942247973272
8.748256486733892
11.904445766225024
12.021375863858736
17.46407201936551
134.64618192536145
55.10406776929254
45.22665754777122
26.950859282247887
13.31874895620603
20.034652943977964
45.5379046926471
9.212684629682538
32.89524850792815
165.4588340805074
11.946967892015783
13.637212119606591
12.76477688363237
11.113645386449887
12.867707095204546
20.01359946311867
38.030272323065184
16.992791114564103
16.52536713299611
40.475753395128855
12.124830771955937
64.99297334450024
13.872185940592171
41.94470954684698
21.429273397522923
93.86617277710546
34.332960222386745
15.406988104714841
11.046658069819559
12.858168273908746
18.509673219169454
22.662467514116774
9.609547102459082
8.384670165008847
8.032602882859834
9.952809356330794
12.68766841946652
21.321020566568947
12.740954769974831
25.662027657567734
36.65559325011255
44.93606148785927
46.682570922306134
67.21628693133707
22.17900184036664
18.793002922671665
14.03961167384615
10.368298337709689
8.4512046051508
7.429628215730223
8.912528660822643
7.641633230094997
7.365509479624051
8.810525615608087
8.285150260067802
21.29700852873282
23.263114719905104
10.693722011487907
8.70328261446286
6.997778428483348
11.631432952935043
14.881554051989301
6.70927293410034
10.410912262490264
15.730123712923257
10.22649858892043
9.5894117221841
11.413703086817861
13.948640929155076
16.876404615518545
12.899428891294448
92.8965457829705
17.858528359494667
12.373154024115417
34.586644615248844
36.10623605778545
11.513212938407246
12.298896261392047
14.097672907140677
11.156814662106362
10.18208498452408
11.465636405382577
11.60056194666594
10.993218615890521
10.336968449374767
12.750417067627096
19.63980256287032
18.86921758417167
9.906783507467742
14.678277393612753
21.742413885976934
26.30397634644504
84.3452716905041
10.84570177697462
12.971051369869043
11.139721882806594
14.207036203271295
8.182559819996767
7.372625477352998
7.621754616382478
6.05358100601107
5.31573635262418
7.567513522323944
6.612565294544641
5.807367045919514
5.5113928540957975
6.394201992243105
7.221878675992914
6.144219969081216
7.330999698719867
16.984138388004958
20.651602327345554
42.288076730259924
15.286467358338056
10.77632171412268
11.86146325572359
38.7281105998126
45.33903004284227
35.54644989172537
26.48944230010092
32.29074471044456
14.511221408805243
64.92432133310676
27.945206477399577
14.320028277332558
10.493708646417474
26.572715291557273
28.649517389913637
13.120956817366238
10.465062858163362
12.705843740039436
20.692911081234662
13.035799184700176
7.525117990021616
11.169072584442974
10.9887909820781
10.902223980032218
10.27710879004844
11.560343699197153
8.408935102480475
11.422974527474691
10.321699275853335
10.446050436055154
108.4670969171845
12.815132269883126
18.951884930187543
13.875906925779345
40.09277516301156
38.05468906599921
