67.07582150274852
15.891381880439276
16.346199577860457
18.78509331997984
51.06818359457725
24.005358999967626
15.250563300672267
12.589876751760139
21.680984459414205
48.63068340741659
34.276713604944064
37.98447006108994
87.14992491430634
26.32865949546942
15.883096638807034
13.827474617296158
13.022359025881194
10.210976223772795
15.985661354783124
19.173352562153195
16.254714269401813
14.164994257257131
17.947578053589858
16.53796220772134
17.700214608692438
26.890617164145937
17.099452912339153
56.14830081092107
35.494217781319996
13.878658737090065
17.1456832873156
20.570266830961927
18.759872311278016
13.897977173027007
22.280679741407273
14.545884659274892
22.028266963320412
12.74152255991116
11.584033610242876
12.115863540337845
7.666477150530697
5.949723540447106
9.533900372442943
8.133847192048636
8.965755379382665
8.397277587536221
12.903638171010568
12.23188016086535
12.892558160551552
8.475806163492413
10.398030652419791
14.089275828872914
14.8507283847572
19.828211985560163
52.42048580836932
21.518506633983716
13.611129534389658
12.069299207315293
16.081539151341286
9.790428810265775
9.499763322755088
15.333782679343445
12.961337128848678
22.9971614989533
18.575667499244123
8.79125340380297
16.6864028546569
65.93105296229677
48.24216989811733
14.640926459379239
14.662306229476211
11.83944241287317
15.061032253440654
16.787994127948846
18.945243480492124
14.951627646367962
11.768914514871616
13.724439098470071
16.691152257376622
19.1450514689659
10.80425415381883
9.821481472937897
8.409415186119297
13.635554810823987
12.893810557923528
12.397828393079614
41.7714976929651
39.47135861540957
19.7286627720244
62.98535466480379
30.705765772951466
15.91146970733294
8.816521767830936
14.185801250971863
11.650631618686125
10.259457346991184
10.979924974773537
12.296797378120468
12.3736730810095
15.043762244101762
9.508341222536124
18.247735347149167
20.205540429986694
12.645067005792518
17.08891658034559
13.80789989349209
10.422403233245493
23.75352035160292
33.07160065088342
19.560036424656435
39.93028049253447
30.95948846981605
46.897148999740494
26.706604946466754
27.669237515683605
14.091371654831716
14.106861740862907
20.28137514300869
12.686108146192806
10.053120436718737
11.33659443520963
11.46636320954943
10.037181841271508
19.05907552346067
21.59255163673854
23.957118109223167
19.008917478502124
16.52033296691229
29.239717324467442
21.486238573078886
42.26156705610148
17.055586171661272
37.26470398280264
13.88078907729476
8.710866252379564
8.16127885820604
7.5894350933424946
6.31160690686861
6.78957984870432
8.44503982502861
7.380772826756343
7.986219243885701
7.541438649764279
12.290309451388653
6.820249432808163
6.574896919259115
10.956889290942161
23.102073883692967
11.099728885264392
9.146282431271251
11.70766371581471
18.74011092468099
12.175912850229121
11.291515773948767
27.58018150836887
15.463196136061919
17.166667366989284
26.416825782468024
85.37041704883347
29.77406064594774
14.907519979913081
14.422170655661539
45.63821568191089
13.168228017246994
9.446251157302047
11.987038016064602
12.484717665184403
12.478724527772048
14.497936128781236
11.283485492185596
13.375300612316407
13.724902446996042
43.52867504626568
19.327453291740767
9.276078357777399
12.061674461386929
15.165426807426288
20.569046879098178
17.51674858450277
10.639230502141052
12.862783586826412
12.592060965243814
14.85122496543594
11.603035991022086
7.616764334541656
8.577036131407068
6.911273242081325
7.359860534642501
7.076229437842882
6.7759924332021155
6.347040344720591
5.947287839009513
6.162198573072038
6.910178128045262
7.959650732842309
6.645192852077398
12.164855612777332
15.461674528894372
22.950507719923433
73.62774605979195
16.084122705544754
12.725986650001373
17.492574857829027
49.87729449877468
32.69769313950193
20.92232545622201
57.441546236320406
44.02866327740672
29.395977404854655
30.626659393757745
15.24533635778178
15.374564587466192
10.333541533906564
35.89362311408195
26.882052283343416
10.89513715920658
18.777480042553602
20.214898520766376
63.837662345230086
24.802321776928224
9.601523821142946
12.997358920705866
13.69439220685406
18.18727612342219
12.305978985080625
10.664943390407723
9.880190735147456
12.649102100950458
12.883259270446784
19.34717610563996
12.537409963035259
31.98141837553485
24.053751478376217
14.655957503214253
24.034285684335597
