29.692862737104115
23.704458150525202
15.48449292051277
18.675461263241036
21.161178783988046
20.542136886847416
15.474896957000409
15.78265360001046
18.364229782538104
13.318725288246014
27.99737919363302
32.09054189698477
92.61609150363053
25.605400128880262
15.952143223303604
11.93842666227455
13.089854167090564
10.164822883820479
17.0136418937994
19.37014840384589
16.50179417172577
13.342847306382334
17.671665713861803
14.5449577402123
20.054665812719854
29.144653940895015
15.395345526045329
55.59454990576238
36.420219752524936
14.059284262128546
22.987253583127668
17.61538512104347
23.886091197654558
13.92053541844643
18.492886201729775
15.115039810895045
23.922762375097992
13.822322257996753
12.711168767655714
15.324208624090861
7.019815291538154
5.831903623603354
8.925184341385611
7.478642553419637
9.060549898619522
8.668397666262718
12.923092065249033
15.759977326821176
13.639679549090769
9.946899665888626
21.958314756218112
48.706665182939396
19.561093326186498
15.268827564142105
14.222062580513246
20.80323474563481
10.598198032697201
11.8206688499228
18.105384691055093
9.949980337166371
9.52854509319609
57.47488643767978
13.16687696060336
18.36997186556987
11.903141843366202
9.390433412591923
17.61745386837099
15.236177428776488
18.18984767121917
20.839362768460543
22.577020505411515
11.104598191369867
16.088995157606092
16.442658842607198
15.255310991768265
12.657880450086168
11.640116751694528
14.503070941613545
16.488423981593435
14.568252460033989
11.498811583356709
10.167828071072991
7.8338447280525
14.765409655323978
14.76852122099751
16.55525545175026
19.209000829715777
14.582541955790152
30.832986427111496
16.123363391941194
22.128936575880594
18.133104746976546
16.059304616842702
16.540841301922345
11.364730546363688
11.41300314300684
10.506544150900792
12.96851118612605
13.491041857990194
14.620471321195854
9.737389341942315
18.64484553445708
22.660444634437948
16.196680928030958
24.039629756291376
22.123387862773267
13.792115967267685
18.66696402917602
41.471236699336316
25.26945470660758
67.68503812697874
34.198466811737724
54.214368317581474
18.391785860867095
17.316185836318706
14.201983167602267
14.328652433303418
21.24697448682734
16.238721758171756
9.841255015018465
11.629028451138113
11.434554386991126
11.339978859416975
15.233569074662421
14.829249591064947
17.251495876253752
12.23089481886976
11.35679269966053
22.14967120412702
12.02463887657165
67.46480300464236
17.979734092296706
20.26577305854385
10.699694893366063
8.3444750023485
8.230624492488362
7.256958387624545
6.097209725452847
6.493562936648717
7.991763397687937
6.572406752038579
7.554763160627017
6.509730082728597
7.941018319931389
6.1402207813057075
6.4341937029262475
11.17719538879829
15.106939583232306
12.67381340258177
9.232835065260307
11.68685282453028
15.815252026109706
12.647199490398219
10.730470056198861
12.06149603310125
13.211395985740408
17.605298309292188
28.53526598166006
93.08111293101561
32.09449532253333
13.215427870691084
12.57468105056495
48.536101555328464
13.093291185916279
9.018290633404058
9.582716854340507
10.758314185770882
14.822645992868036
15.787740073555941
11.310461269893649
12.988503805668158
14.841127359160854
41.74293104507275
25.7304325559772
25.48163921093473
38.404171795509185
66.93224240976774
22.155691996494948
30.35284180445298
20.07072672955475
15.844561591550137
28.52328759844154
19.930235477277343
14.521759209928044
7.770423853208234
7.990959171141895
7.070610898638482
6.085714486704569
7.498626573954327
7.303809346404751
5.919633061618414
5.72117112214064
6.008069479241286
6.805369833377125
7.125587053220325
6.855222934942879
11.695543213755704
15.333421042329755
28.067754032791733
49.26770217064278
13.345437751338235
11.437998103425187
10.911601977637405
20.466827313568224
38.9663949531868
24.858600479704585
16.980351671405554
13.465947671606703
85.66884103999196
47.27749285606391
26.19998167863366
14.940481335067075
9.783967253674108
23.249428984674402
26.336001308470923
12.594387096028164
19.635341695752995
16.653328190306738
21.923853825666953
12.953036944314588
8.140795125397217
11.81981821911794
12.36237371248075
13.310497028154204
12.024239097970517
10.42425648572635
9.679897146277503
13.464068179276497
13.17730320082076
15.170953048457354
8.312903795712131
18.17198483717269
39.64772704848551
14.423623978481539
38.05844222364249
