50.55197318626368
16.294376857408054
62.99316871719858
17.726158752391722
16.148998110610382
18.02542423601777
15.83129739031868
10.708284758973205
14.75214779638039
18.025131012237598
19.109144618991536
40.23169782252662
20.6961217193936
11.76001928814854
14.106069141074844
15.036191249231985
172.35056345743072
11.692566513725875
26.619470175570786
31.90159724148391
16.230938331583353
12.08187590434411
13.843453483794669
51.663553752761985
34.73625939229344
26.319038326437592
12.655426285911847
19.278980570827628
31.131785984837308
16.359234663426268
17.77465919527233
15.443564478273831
14.819218526689253
13.14871572364929
16.967255913331773
19.24915296287003
120.43990999629084
12.786953366131707
14.617728016153245
9.586577101104147
6.65067904086982
5.837002538428174
8.632585246318122
8.402165912706627
9.862855015458758
9.115212328068035
19.42128537423325
15.434492969896201
17.21310180295222
16.473534539378697
25.37453065712086
26.70800446317742
84.03352619826121
49.38847062965793
21.570797440363634
73.24297046906815
10.156074157785378
12.236716525166662
10.238952774357712
14.301484480354759
54.84234871140793
17.12788921401361
17.144693935452445
10.851108442786305
13.70919723002155
9.764192825159693
22.80342862402754
58.68430412712495
19.98262157914075
46.817932368579726
66.20766556697981
8.248464480148943
48.408735628838464
11.918632713088671
18.375942098984964
159.89268572911993
17.21207593501463
19.972106762592727
48.46533630365357
91.05656249268024
10.247380018120063
12.662506558154346
8.596438538417656
12.032128853615799
12.243556699346017
15.572912496511316
72.12485048591523
69.52959353526357
21.84326083226097
20.285142564093096
14.586635941801493
34.84265148082335
58.88649914541935
9.58719754437447
27.762714715260696
170.5218473503188
11.569691109191298
11.752282474227613
12.214248887096486
8.265381374871376
11.57668744892992
14.892970384938591
34.21252415453862
20.902388405344336
13.654929197102238
27.499983222069726
12.821449497483213
28.649340368085515
13.122977191869243
61.47222670953389
29.046665194690394
91.26623367260217
27.629758240146998
16.61903014160916
9.390160818091841
10.497855042825865
15.057158464762384
11.213276371827915
8.689471802738488
8.5599379148201
9.88945450841373
9.762528120966186
11.014403771116827
13.414271704113654
16.449815873089477
37.61032744405708
17.130913822028273
21.117446653092937
100.15400242213332
13.05885793469808
16.676136228675873
16.09542096980464
22.081751994615228
12.454706967882311
9.723487235134257
7.0837089386576295
7.716158706528821
6.386001334501228
10.180837337929015
18.26729974615832
11.899849247035487
7.837896617753808
6.509004997496005
7.962543637642264
6.710097147712965
6.791695911772518
12.353725470980917
15.46426374772498
7.738522536947197
9.996502113399139
16.052598870787897
19.30409376310996
18.00028121051747
11.589817198181555
15.676814145776905
18.216482554467348
14.62147298753719
131.6032780747638
23.087378068396205
12.336372946451176
23.963739789183165
33.29420285766401
82.3016255232504
23.530379892798905
15.009301080226576
10.022298657994089
10.835612023514791
10.296441143458084
10.39522531484745
11.140234658387685
10.864372926901376
13.356981341883678
23.285558057495575
21.19725270406736
9.970545205766665
14.78401640834221
20.760229192194895
26.34183349268907
86.9349319774933
12.26940567752504
13.799250878512677
12.449345804401727
18.25967881591737
10.007197726374827
7.738829136123939
7.416244755393727
6.071424791480862
6.018112206956374
7.447403616819435
7.395194634764116
6.047756265645215
5.424251737232796
5.954047265981165
6.795985529469786
7.508347481480608
9.646771296267303
16.185917500856057
18.22323885110877
34.90210435624518
21.11365112331993
10.366821706578998
10.66693721905494
60.25147287784971
79.32145598951429
56.00892265461736
75.37888206977955
35.88449858644666
81.14882262095938
39.967841892536434
26.13374437508615
30.4647761218405
10.522434946959205
12.872121928581546
27.9786620722398
13.858407443769552
11.28709351286061
36.095523264737274
18.425305362317005
14.985215526064778
13.204855559192813
49.13724590389748
23.28420471888461
14.93943167906152
13.274526489318506
11.54099282275962
9.327761619024047
11.799341543508033
13.586152053538662
9.627536987592935
58.33632259004428
20.369737776219203
35.82190590564836
12.572152393668073
21.44438964500051
59.131112636699264
