62.99790725381524
17.191913193937214
60.97258516862587
20.698076864879553
17.288251319646267
20.552210544725884
19.19960026480837
11.781816644087876
16.730563598519744
20.895588607799436
21.20791429767596
91.45322554077781
46.938674654072635
12.552809246229481
15.875777041848336
16.14363903705653
162.63210805733115
23.76414680362879
43.033749810934594
75.15201719496704
27.798734634235732
11.556274525840665
15.24814026704033
44.209720007590406
31.94910547101436
26.27917685624236
12.375407018829923
20.790755137601924
26.935890518275556
16.72362724898505
19.62929041816157
15.53812560899366
15.449254629835181
12.988939988222668
18.395833750172986
18.9920830469007
134.62818702526528
11.284150967284756
17.300780909714618
9.563647376490843
7.281030042385867
6.104094097165529
8.540285090262621
8.85145017351803
9.32737988630999
10.297743991665826
15.95308890267582
9.727030043081422
14.367648363135556
16.55081864142262
21.002125666155166
49.309241025580015
31.311700145970875
37.64508297122208
19.36784414233759
109.86017928126888
11.014344264477904
11.89996146515545
11.201720693932733
25.838451974811246
78.61897817453765
31.80080634328242
23.794083139549237
26.313102030730633
29.058970703835854
15.806050696722966
47.987761922614254
27.10284767663467
60.35988479784915
23.624003704770868
22.204456549573464
9.585132209472267
18.969521067395394
12.086509599672995
16.963797449474562
154.76524619675337
17.205250703703314
21.014412518349918
58.36772727408466
99.41603214102349
10.830136214934914
11.908521794494554
8.194104563906588
14.08897876139431
14.332806817595523
74.16678541582002
61.862798291241475
118.98333344679392
60.07985667002329
82.75504240369679
19.00873050303979
19.336325090081015
68.76682771849501
9.645777861709668
42.54763119679196
174.20036023718646
11.82489094538815
15.620807769402735
13.873736310070782
11.197253275033649
11.224731260809484
11.473802637527173
34.469796891428125
32.03035016939608
21.8718227434987
43.66322990778532
12.932057590393912
53.21766396794958
18.315653164054748
71.39383209735848
28.16501995575126
55.34223016335704
41.57328394782795
13.970972987694568
9.722513515375104
11.693719966627661
14.01065405070525
13.924381974296702
8.449064020934527
8.565548754935241
8.740153640081589
10.072330116320126
16.06602311009681
20.529475636173792
13.670179873530975
35.50995711526492
32.8808512061439
22.679458706922414
88.79885024805617
22.858963667454965
13.39244123035653
47.28648361079742
27.831291962679543
9.088221665212261
8.045796966589435
7.68645892572324
8.088144957428696
9.237017980244056
11.848850759711036
17.764169824484377
9.969299853916578
9.518598952249866
8.025881890222314
8.855272573435569
6.834370962509086
7.045274014591735
13.531990306830926
15.899623922433696
7.554010595772448
11.24745732086606
15.8916372278228
11.034395480953235
9.585165202214025
11.578378798626431
12.823904898975387
15.468254603569719
13.513752906020793
133.2044652931481
28.684958954104516
12.466474026881679
20.446906173967484
41.0535384641784
10.373894996239471
14.361664103652869
14.3477504202966
11.245266505518561
10.465841465488822
12.178706799360457
11.022155014096661
10.79278326900289
10.206198077166798
12.302771392742983
19.207696236665672
22.29305746033171
9.354238947440061
15.096385779678469
21.202668657760857
22.46591304470286
99.21680653073524
10.49676872120419
13.140150545273078
12.265847474461319
11.781864442727057
8.075533875257285
7.3651193255501894
7.752754126095839
6.100389558940627
5.274974304974449
7.639162391526762
5.97440083546348
5.796971616974364
5.367163709895951
6.358234396782228
6.524104250391647
7.1012222957981335
8.6315815919629
15.703736560665403
16.016401010031434
39.869020731098665
14.557236797850333
10.768463678344945
11.594538368367841
13.354772425721247
19.2086141463469
41.07334116294979
93.83933316898326
43.87559426911813
20.10040784541812
69.19366308338826
32.32249143581233
16.172237841939282
10.96242134652529
13.11270334363206
30.41747751883802
13.058477652601631
11.898322914273269
14.250135597440712
20.312134030463827
16.08640538011419
9.738727675528963
11.513308591499365
12.210436619620387
14.510717501756098
12.168273133085977
12.147759553674373
8.841654571351057
11.17456887020384
9.453677808548504
8.496039822162906
39.66206902355154
11.079781286506286
15.954879354731327
8.853815598463669
10.501152787891902
25.913629909848815
