73.17704222885915
13.550246205905212
16.96901971966444
20.157202354525786
21.176410217376038
22.707113838740245
14.547713115289756
12.056216143932295
14.417710933474082
10.01671511698476
25.049341062934158
19.31876172070736
38.40077258225962
16.797187556624785
17.61865318372805
11.400374816604899
13.334166188981728
10.083330849806106
17.661939242970785
29.811249391019896
18.27618227411594
13.477257466463868
17.348607589108507
12.954008913313318
20.749888678167444
34.51234122677598
11.029409402080583
21.739165921932308
31.839074727523585
12.714310377099222
21.350330955921144
15.890933986456805
22.309507111883864
14.785771254025274
17.82260444261237
14.319573591388817
25.826644678836335
13.05889459661047
10.69169116953949
12.019215353697298
7.271064671766853
5.801366352139021
8.964869322246862
8.287334589277473
9.150848788172427
7.998323379242493
13.275309193177245
14.36258729041734
15.087731073955553
14.582176253473945
26.8739766768125
40.072455592795585
21.0312595513053
16.704176411138214
49.34805810149432
24.546645823496615
11.222317705510363
11.805887912739042
19.63269430617172
9.950757637391332
9.642103640284121
56.25036830843646
15.041255480894598
17.09383950706638
16.065294612794542
9.31563523715479
20.57493427538768
19.662998410214197
64.98007114118009
15.77669251411422
45.41801673965079
14.131124103949208
16.280688765494286
17.639376067156835
19.776963903328596
17.554372853245553
18.707250835802668
13.795581255735511
22.50315448284257
55.148514231844345
11.973202070071032
9.345378968004102
7.4271091531849045
13.32452306600554
13.77755037247386
11.912522452650215
22.183679529366145
60.946469248427086
19.30850240751704
59.69969068130027
21.933878798790975
12.464094695027168
9.172404753921763
14.980704926196564
11.74597585602352
10.44287126258534
9.299647992442546
11.74921080365987
13.063555428457926
12.864585959899653
10.688422262137546
12.829060341707773
15.403585083652796
10.818782313502064
12.286413903188977
12.575059513603128
14.477465780615645
16.095849432495495
20.471622696840583
21.990176912770877
76.29182385965092
29.733202172293016
45.32543112812309
24.687886835689934
16.737023153391313
12.228685671167787
15.31089982295448
17.128271905610656
10.841265564364805
9.721043014083605
10.607249312521697
12.753882191019867
10.69213281630144
14.436112130753306
13.261994761585429
26.565345038030234
21.620690755153802
14.894539038326599
24.945419889020272
12.645081079256915
27.050580982589842
12.123232637958585
39.59405961084854
21.17672766952844
10.305938618920212
7.376243499160085
7.631950619367563
6.393464151170568
7.848130045811202
15.355229930156003
12.092526956110408
9.895865230834332
6.5895676299903405
7.562996691053665
6.6689017293797805
6.397504929072481
10.024321345503047
17.92089091346801
12.849318244067248
8.631295260789031
11.002095342434108
18.59724504649974
12.040961862850729
10.426544585567775
15.272483399225711
14.891715184471941
19.359110927942417
19.824860087243728
60.47134652423108
25.653820893055805
19.10118142406383
16.90781446089821
35.28077153644375
46.00585758543804
10.810269924286253
15.99151386320336
14.381976783496176
11.840604654830758
10.696980904886557
11.670776838385624
12.756103907091102
12.431728578583881
38.362528540317776
21.04134512886481
10.068996481885737
13.705987205386755
15.584084859976139
24.434886457330684
17.362417096457715
10.807128885265918
12.214257914924998
12.579009999042185
14.562678316130949
12.488096499488352
7.802131682001325
7.633250387461833
6.601901534986394
6.227440342210155
6.848658797706309
7.8411773714445125
6.226424823822765
5.707255106308183
5.85808041494311
6.728187878642064
7.431303886891874
8.521381412582127
13.01055148519075
15.6391947353846
23.74932562871932
45.77450208324931
13.206228952410966
11.568465742461248
12.213223902484733
59.364634960255245
88.48051130961841
28.948762384922674
51.38147789418048
14.598398402274773
94.6997466162592
39.56556451607707
20.155343913519392
24.273338678909695
10.439129733202256
12.809981006341236
27.013447246763576
11.555262456990581
12.693799611109117
36.898310707213845
14.838989885067093
20.535382578859767
11.613461496980253
50.632065093295104
12.450837526421342
18.292788731927768
13.738441253723868
11.315527088504778
10.920807181383024
12.970823478545272
14.461708987445377
18.201463929677043
11.648669368952673
25.828379144492573
24.249227548865342
11.997945236204993
21.052337005954463
