60.43593340453548
19.70783635030954
81.32054684168901
17.949360379920744
15.955220488078298
12.118897541617214
17.026604362562257
10.644456631891552
16.5679047092684
20.468594532624508
24.736540995271458
38.09256163851463
18.791138733154103
11.954452975641512
16.56424492911562
17.383361026706677
172.76631780552773
12.24363029544018
19.261385770314966
13.628069333407458
12.2093546848493
12.071454191326783
14.265910696656736
53.30607763632781
40.41639449356518
14.47455691504623
10.697844320535314
16.07459089472332
40.758321056039584
14.039750350318531
11.85453231791659
14.705285155977052
14.298128785943254
11.443503118178487
16.505140810917222
17.47448120092243
128.51977344149554
11.308564421930065
12.763821614970396
7.946852319725943
6.910495999160324
5.73090870252767
7.617461177382194
8.010715110725803
8.901259023798255
6.779920429832465
10.682166037303391
15.509638000420674
69.10078636904493
29.682170974606084
58.85914266218263
17.95212693943909
62.26190239033421
49.714682297298886
71.05655574632242
28.41942062478257
33.18305851793155
11.310209542185245
10.393097391999952
15.318409736692807
58.12546101262452
17.223559915314823
19.229353180850474
17.331071343880918
11.06247442741612
12.032700479243228
57.67798823029517
12.69229314941946
156.0903382111701
19.13071889829364
51.22776518828281
8.394497666104083
62.90857079626592
12.141807630199539
18.979143414701866
163.6619925111527
13.127168151440964
17.90078270740514
19.47035185064388
43.35938800647723
10.138312966066845
11.188680341965144
8.238022134003316
12.242984262372728
17.083402970928663
59.28779196776421
62.121315635948164
91.98137532032295
72.84389195780092
39.52930944617463
25.724988127738442
27.441256703496435
62.29071180039072
9.21694032455055
38.14630328561926
172.16811645733284
11.225093776747041
12.607038114109251
12.628300499928017
9.625388186146303
10.953086327724089
18.229989084460577
66.51928646001272
26.894607839905614
24.939853611714096
39.71983685575914
13.63229306121399
51.55346994632281
12.673211987765622
58.63559350421335
32.21282538341381
78.23429707917592
45.588702012705646
15.990400250230161
9.256724820452854
8.50568693983751
11.976265450976888
16.371968503933857
8.667607523738818
8.648783143763216
9.078777415343293
10.01816562387148
10.315535337460691
13.9855683154256
12.985056463858802
50.585309336674484
14.220817195193721
16.86328631087331
44.594342038450485
55.861331592944566
20.954576687644064
17.477762317845254
14.191162688828742
11.869141681450007
8.21651642660995
7.70289673673454
7.958863811578609
7.477075579822533
10.706012725147007
19.677857450386053
17.84248493028264
8.946135891830846
7.0369570823115515
8.084951043020876
6.64971081022748
7.175228486560022
12.344110771765815
15.77363537250319
7.00724061630876
9.421496071828063
16.148552079597415
11.181198832463853
9.165755128304529
11.072379672717151
13.480115398867563
15.80929064686867
13.07789828352898
140.4303448037666
15.733250381751601
11.540688556338004
20.67156093251908
45.694760565905725
10.895649761284094
11.85515500179869
12.815459252560725
9.635137195060315
11.779739750380577
10.647801573550712
9.853483468926617
10.720926799343616
9.951296315889309
11.259872014779003
16.113639505256096
46.97503885331572
9.05871806330494
14.672714782395161
18.813394766522944
21.625769245670213
97.20505873405563
11.858557950633429
15.649373125959876
20.28800552844753
17.255439453827446
8.541273483477324
7.008370740278513
7.078878822305355
5.682385125108463
5.316520760228095
7.731023349469569
6.378355415673563
5.843770616756509
5.531680080141207
6.297571321620183
6.862848078701814
7.510111352466227
10.467684638902899
16.50202070248441
17.455163229788322
37.051220993282705
44.94071524174481
11.107498081006089
13.529408455200208
73.66911220930089
44.13666685816926
60.36722629520788
39.40710572257641
17.14164488715479
23.687750108777667
24.060240528082577
58.43172045075203
32.34761222671347
10.549333603657777
15.154838234216554
27.26785488054016
12.499130318348609
14.349753118500775
31.327338448401694
24.158455943640668
30.553420959205145
11.714230341273119
11.192438797689247
16.378670902879552
13.757818285465301
11.956874273619166
10.581398925215376
8.746496249250681
10.865492338187275
9.466160966773806
8.457998311193037
46.629317773954185
10.321628428408426
15.370728105939696
8.976187527924187
27.34977840656368
58.67065267176802
