56.2487
15.822
20.0564
20.1634
22.1426
19.8561
15.4701
12.9071
16.2339
14.3942
28.5537
21.3365
40.6583
18.6933
19.7244
12.5368
20.1509
17.5118
23.3972
36.9482
20.9825
14.7446
18.2959
13.9838
20.1471
26.9695
12.1815
38.8083
37.5045
12.9125
21.7772
16.9981
20.9327
14.0743
17.1314
14.4199
23.1331
13.338
10.7373
13.7049
7.63048
5.93808
8.92572
8.19597
8.42366
7.68984
10.8894
14.3001
15.6642
20.4712
36.4588
38.7697
22.8694
25.4922
45.3198
29.8014
15.2841
12.4131
20.1059
10.3321
11.8503
42.6107
17.2238
20.1405
21.3435
12.2645
28.2168
24.2288
43.6147
23.8046
29.7069
14.2491
15.0358
17.1596
16.9082
15.951
15.6283
20.6337
18.8743
40.1344
12.1428
9.57472
7.84611
13.7371
14.4557
17.4286
46.1258
38.0111
29.6525
56.3975
32.9347
21.2001
12.5641
15.6285
11.7806
10.5318
10.0971
12.7503
13.745
14.493
10.4387
15.8925
23.8835
12.7458
19.2974
22.3767
13.2548
25.0709
29.7905
23.7608
58.4876
34.5457
51.7307
28.8135
17.6689
13.6148
13.2031
19.3202
12.4312
10.0411
11.095
11.1448
12.1109
19.4143
18.1297
21.6726
18.2339
23.7595
27.3447
13.1648
52.5238
14.1226
25.9471
15.546
8.93879
7.66612
7.92897
6.84637
8.13473
11.3381
10.9165
9.8584
8.67288
9.00768
6.86933
6.5451
10.4544
17.0131
11.7388
8.74682
11.3882
17.4978
11.7235
10.5871
13.9268
12.8549
17.965
20.2337
57.775
24.6712
18.344
15.9564
41.4866
17.7664
20.447
14.1098
13.2681
13.3204
12.7764
11.9228
12.4738
12.2074
41.5059
21.2006
10.9329
15.2872
20.6255
23.0996
19.0789
11.3101
12.5353
15.4576
15.1686
12.0237
7.65028
7.81288
6.75444
6.03204
7.05859
7.38165
6.10626
5.7189
6.12032
6.62235
7.2173
7.46695
12.5878
18.4408
24.9749
51.0272
13.3874
11.5468
13.4102
46.4533
51.4269
24.6852
42.1853
21.4633
43.9065
41.6845
26.8329
16.7635
10.1994
20.4992
26.4396
12.3086
19.467
21.8474
29.9591
18.9139
9.50734
23.6687
12.0116
15.4183
12.8559
11.4035
10.232
12.6339
11.8025
15.2355
9.79694
20.4412
17.7056
12.0718
21.7185
