43.17909384850062
13.990052671828233
86.7732582931753
21.962996234684294
13.257987306129676
11.61049124408658
16.16451403709041
9.197850210586742
14.612934964666358
15.914272664565676
16.94644016148377
16.890831106347548
12.389535542627373
11.256802785675424
12.278540458498403
15.002214867766963
173.71604267361334
10.366408891052377
15.664255150972934
13.425248583504443
10.705087054111505
11.756605940202698
13.428970007964393
48.14396687817633
40.76875870257455
11.36279181688551
10.823910020325645
15.663624404100895
48.59400255960183
14.392211034722834
11.623475372779842
13.797040098760647
14.124406377380005
11.5938487192392
16.829458992764113
18.935165878129077
124.31573180726562
11.653003041276413
14.87786591897292
8.539495039744486
6.2468335284791525
5.780531474623912
7.450007048325267
7.326073267334432
7.080205475869184
6.657128319847192
10.037440999836926
16.17580564101031
67.68408772601043
62.90908073934072
75.46854891616915
58.88622670073948
60.684583094112014
59.93820177860898
94.28273771600719
45.09597930538419
14.910508956489927
12.851628786508414
10.868831716488808
12.171469338182396
52.03452071855729
17.75211667304104
16.28461101609313
10.506061360752433
9.435233497214435
11.684531667901771
19.403164600474458
74.63876512404218
30.768270765991936
47.987883354384685
83.45079480774818
8.306332233300477
46.59980720865371
12.169320188665822
20.441527625489964
165.9742889013759
13.667614953081571
19.501191913443346
58.357057933357794
60.476978434578356
10.115067728768665
20.86850940851218
8.726210941779609
13.80207854677488
13.395070619315577
58.45654039635878
61.01793973818432
98.51382471866191
73.49784495685853
81.80432579127063
21.259535287744523
24.16169212472655
50.15117409065008
9.222360023324628
29.85475210830038
171.01188469409823
11.458815557260735
11.463356631011916
12.785544093316503
8.544506143722488
13.222154088413784
16.15807642938121
42.747647665998876
106.30016688173117
46.60861145623975
31.265437315824556
79.45551514624873
42.21897281240468
12.933642335146587
58.33245784987503
30.234224426662305
89.12334126128965
20.486998776243777
38.64248407741674
11.191942008099067
11.040519471676046
13.627949017641123
16.674967241862902
8.486635125570658
8.708757817615172
9.438787095913948
10.583701615258327
10.298226049579004
29.4604820254287
24.002822844815547
32.466993526350976
18.840443073601897
20.32536999927207
124.89063812436734
56.67275089000206
21.400699777954706
23.518054254748243
17.03829115702355
11.178486827005798
8.981656430650148
7.050615430970443
8.543544400101874
6.349048475980054
6.95335698692218
8.136659396285363
6.759545031262083
7.098631968082205
6.367076436608897
7.929516705456928
6.349458203755766
7.278866345361887
14.689561781492904
16.578172626069772
7.659822642568394
11.582090783203961
15.503721176008275
10.819062588872342
8.908238741657595
11.107101984919979
11.86556812161616
13.47718989223727
12.795557382029825
103.64557464953317
21.665990028381767
12.464977220799025
27.538800005772742
44.38509294524552
59.13089049598213
33.33839333621495
19.36599511665099
9.733862885275194
9.954423403018565
10.232505208781681
10.081521058050283
10.849626341201116
10.242284695767891
11.441447247779442
17.006698730638753
27.361085098627118
9.533284272556624
14.429913077587171
18.999074597934595
25.37850126265844
92.02286838162802
11.69047367592718
15.194594347475055
17.734989813367314
15.706670168274815
8.94745656234102
7.387134183583817
7.223941542186865
6.16881128738807
5.421770651796325
7.4500176246343415
6.038230552124387
5.716478196347178
5.329650609332534
6.072972617362655
6.601941347706695
7.717166516266616
6.869783189344586
16.68547414985703
18.8014880827247
36.47414490268342
22.787235609010082
9.30063126327982
10.158849031569474
11.477414499042673
23.97517786928712
44.62135670363901
37.13989731526812
22.44020990216934
15.40008149118655
74.19840213483917
30.540746170275984
18.461314676775945
10.723488042910255
19.914949437667104
29.61762060570812
13.553364603691978
14.511241777629266
16.240452886623096
19.066148906913476
19.25630680385647
18.32788337167505
83.38649227128656
24.37835205745459
26.226814351996204
12.571911292927632
10.960000599212446
9.338128750984975
10.931895856217286
9.742778277536134
8.970733376585287
35.47138064067346
12.455981520759407
16.20105466967059
12.155670468901508
15.664871706232965
81.15092412013512
