75.23483196950589
36.38247177116555
48.16999721543215
18.340758053740014
16.07628355629459
19.91158468832852
20.360926090661117
14.655679721835872
21.786666811111274
23.02362723200222
18.325390209155437
81.8926963822641
43.39510083203823
13.410264325396353
15.202469636225556
15.393299946996407
172.531160777684
12.105367708018171
19.52564812454526
13.756287526409041
11.432266501003001
11.660374118867828
15.298672705243172
46.639156149286784
43.905189005515126
28.118106921260555
40.730408849531415
22.811100203635686
41.28704362634127
18.191526843855236
18.04074357837786
15.415946127365606
20.069688130141042
14.12316081263855
18.152214449045104
19.689527786617397
103.28410629717935
13.733074899719858
17.09860377941236
9.09089990782017
6.350592267211301
5.891412990945437
8.542677216061055
7.579829890439666
9.400002824808228
9.677923103911482
16.57185224912742
13.013142740265524
15.553524768071702
11.41527952787917
34.71103893347431
33.92013282417144
26.752825635371927
13.96185954641283
17.88165987978255
44.82728885111255
10.053393184108728
13.077228629366994
10.999900241088913
17.4412800410953
54.88142434545587
16.20282704532348
17.747988063840914
11.609583918917906
11.181455624287109
11.913207281737652
16.61443870701543
17.235001177428895
20.22126740978267
21.56302349320741
68.06849913098714
8.037772080227612
66.9485103819404
12.26352142701101
20.856389800546253
133.82596557664613
12.877273432657732
16.437875176854323
11.731737303048586
32.69549301846309
8.886674434837674
13.788670798481128
9.067095372878095
13.105481765794876
13.094223453431274
26.535799456632972
18.267055793170165
21.843976963745913
33.56395866528209
17.944435421671436
22.927383358414605
19.93690354868156
53.97819282245107
9.460337006260492
42.78254211470389
149.30603883806359
12.264723394903829
13.060448129224364
13.271852359919613
11.035233064686434
12.351645786053206
17.816566477985283
28.506935325958807
42.42391022998761
18.20644798132336
30.455780090785943
12.978642784790832
62.17167222286814
20.50384751409742
72.34006373997371
28.58463263121424
55.77674340126683
31.309235126924055
18.508411427018697
9.583169614100147
17.85386028085479
17.144218244649114
16.72869467474536
9.277741333562709
8.687569553465105
8.748140096189651
9.490924325934
12.345558618174385
12.894353531978211
11.469850674470827
17.78109449836289
10.036730155019166
14.867971215315242
45.44574714168447
72.3903344573534
22.83936162506758
27.90714059312757
24.879595787389615
8.978995299806751
7.648570213842502
7.498911802780299
7.302864250373595
5.829509373989076
6.349382573511141
8.274302614064348
6.628651026889914
7.066871899532969
6.545517479639062
8.648735750395845
6.270704603730787
7.0170623765266145
14.127461677210013
15.268155029707225
7.688290762742721
10.640271843147945
14.242938718169793
13.439710512928677
14.532679099868018
11.685881399641886
12.66462007984746
15.39005121945225
13.892677100142581
128.86784790179127
46.20150929226552
11.17301544533309
24.78007367408728
11.947398082815484
10.57238207091413
10.873796991942907
9.564174840300495
8.59111299017481
11.041864070907735
11.645390357609118
14.491582930458625
11.125865794524696
10.881811111328862
13.7427293949361
23.39327507859042
35.14224622512127
45.967268448007175
77.40476232647038
63.603055449211865
21.50445743493775
59.566528292767785
20.727546265139495
20.622861252737874
26.397048793748215
17.76487640230282
19.779653752322066
7.534002949863886
7.75745392534396
6.674269989697509
5.9037259961638116
8.358886086710966
6.1517775254543725
5.5973790455328665
5.476492843706321
5.9989569656900334
6.948849000593713
6.835490253707013
6.878991674099954
15.483365386096681
18.25106272588169
39.53756460859939
16.193865558032563
10.420310132158521
11.809022966757732
11.619172880365356
28.745401738173477
29.164082859343054
26.654735421501115
28.97799915564807
87.19403609311168
48.285721430755785
31.095955791203714
17.962100044777806
11.116016860571682
20.04781281124855
26.0786013015048
13.44781960142269
11.970628771561378
14.001401590530548
18.493467958113207
16.49676404512204
9.231687794935647
10.473536519615278
11.058605992022333
13.861858194736252
10.2562011493565
11.343666360722834
8.795685118185649
11.712248085456753
10.2329815625683
9.213007428203897
50.40089622642287
11.12952220219379
52.40276603758201
21.202284126094074
85.2640046355635
52.61990010462601
