4.05155
2.69125
2.07995
1.68145
1.57368
1.07327
1.07797
0.834171
0.743999
0.911036
1.19684
1.20261
1.52932
1.54543
1.25962
1.53409
1.94381
2.42762
3.26141
3.35653
2.7707
2.17191
1.53705
1.42698
1.12639
1.31354
1.60682
2.16565
2.73498
2.41952
2.22258
2.01932
1.54981
1.4157
1.30697
1.13748
1.2562
0.963968
0.711881
0.668861
0.8437
0.802308
0.77923
0.831364
0.855022
0.88401
0.98078
1.11259
1.19592
1.33521
1.66811
2.08682
2.37979
2.40649
2.66085
2.8103
2.41916
2.40719
2.41387
2.18902
2.18731
2.21705
1.94393
1.69321
1.50764
1.43511
1.48883
1.4188
1.49547
1.82968
1.59675
1.15876
0.969386
0.792239
0.882036
0.955998
1.17282
1.60612
1.68604
1.35573
1.00701
0.787476
0.819045
0.845605
0.80864
0.729394
1.04347
1.56882
2.26409
2.16334
1.88041
1.32262
0.980931
0.808127
0.747612
0.648531
0.676025
0.792391
0.79844
0.692543
0.687881
0.720405
0.83726
1.06619
1.2333
1.18779
1.39001
1.73448
1.92318
1.6017
1.89663
1.53245
1.88104
1.32575
1.02136
0.844844
0.812035
0.715205
0.76014
0.665716
0.603716
0.629704
0.667211
0.731081
0.860446
0.925446
1.04644
1.39591
1.81921
2.07484
2.55817
2.64896
2.47544
1.9026
1.71658
1.68777
1.5502
1.27271
1.20512
1.3
1.28765
1.16753
1.01503
0.962225
1.0242
1.11565
1.12041
1.07254
1.00054
0.834956
0.745084
0.952675
0.892561
1.02807
1.0761
1.14598
0.931918
0.834054
0.990247
1.40261
0.984353
1.03635
1.09904
1.48607
1.71941
1.615
1.08007
0.86956
0.746294
0.761607
0.695537
0.65019
0.734879
0.817183
1.40024
1.80658
2.08791
1.92467
1.68951
1.81239
1.9208
1.75557
1.25068
0.932906
0.736862
0.628211
0.653091
0.655541
0.604775
0.609635
0.634752
0.595292
0.596942
0.716082
0.723944
0.725738
0.845795
0.959531
1.04628
1.04816
0.893053
0.804171
0.83804
1.02334
1.62835
2.20625
2.17572
2.03947
1.55069
1.53343
1.19222
1.24754
1.21542
1.71171
1.76077
1.56492
1.40649
1.17001
1.23415
1.08972
1.17775
1.25618
1.23886
1.10606
0.889518
0.780558
0.672265
0.652765
0.631132
0.680493
0.737701
0.983889
1.21391
1.65518
1.89389
2.4135
3.26791
3.93692
