39.28385535120742
22.15971902044318
26.054165410497195
24.70440329693068
21.53328305822271
16.938189513561337
15.530593631492602
18.722419669121862
16.375063905269037
15.065299652661182
26.115000930235063
11.278535963160095
9.801079240352884
11.12458096688692
11.834275712567429
12.656854471580468
14.027103884679509
9.764420109402023
10.344435624157276
16.04396129869358
10.895999436523041
14.88742396969453
10.948311325045355
20.707146520053282
14.17490298334136
10.319683257155988
13.296194735174383
114.92130698159266
12.808499055855014
15.086877426203014
16.080960416455124
22.122402691229052
16.854349021868043
14.337061691842598
15.93341814961049
23.090364627230105
11.484811561851593
13.130527601367668
11.852442175599105
7.513496872863016
5.873939315332411
7.079469864724513
6.509583170512395
6.575049803628068
6.3528422320371645
7.793681037139216
9.737921216518318
12.772169114748085
13.772408079809798
76.1119670220205
29.170562019380647
66.95276232151173
64.83747974811422
60.78651052550249
41.95504798557843
42.43593866411031
15.381896356500471
18.057825630192912
10.160265915971467
11.972875842650836
11.208987348583639
16.911665751620937
19.723827893005236
28.784592259896343
12.436933574841124
76.30097595778787
26.849514892486262
93.7230910267339
34.969244283088294
21.66791091512354
12.897462144557032
13.302476804441385
15.569667981783505
12.547355473436234
17.392343064019325
17.59242244893653
14.290694465140074
18.478514616911756
20.880573257426384
9.481704136661506
8.754598016689346
7.602496193674164
13.73092104513342
13.432062877329255
17.710096350084974
28.06329674721195
45.71637689992658
17.722473983592998
27.837593186159598
18.49571356396983
9.981686104215418
15.008541543393806
12.66806082843758
10.724369394523197
9.138049305780369
13.395310185450834
14.401694615432337
14.369680766427752
9.664208098631578
12.645056440083637
20.995857829162407
13.689499788471117
15.007081650440044
26.254111521638546
15.843881618543177
35.72064359030204
27.603017743067962
28.653807951499257
16.072453204543574
47.51727908669099
26.925631299394848
97.0795108368556
17.036110100649744
13.34710736858793
13.47192619399443
11.202865057467674
14.469316458391859
9.878119392100327
9.444625621777154
10.633082176874934
11.211809479379633
10.566552112368187
16.62897312673718
21.989163963620985
28.71212188182654
13.321499215357873
15.900737772489903
24.993035493718015
15.319351913912177
34.733823953621155
14.369126591526081
19.170888046198673
11.139854996592376
8.242559657866396
7.356180379006621
9.146626887760684
6.792594189484797
7.526542780283958
6.525222536436394
6.025005863191197
6.593531138936084
6.146741224126392
7.38734960700141
6.948746200848227
6.209219733325455
8.248448957420257
14.380342359327102
13.631653457073723
8.273332108599432
11.136632375859437
17.358341431136825
11.808338603406801
9.693021466303035
10.268469598188773
12.662743606403062
14.82137998405308
28.850886700306148
113.63628081039573
48.74623548474009
13.300331795068754
13.22672118285213
16.365323591768437
10.448802303861685
12.895089530681007
11.93708829335777
13.621504140757118
11.778258441100162
13.138051387185168
10.682344550197847
12.5796210267577
10.337067539361414
51.241475787025365
18.5834021004505
8.63128976013574
12.541361400710064
14.440011472529932
11.507885977480903
20.868589659680982
10.238961689904707
25.408426396973773
18.358447105836255
18.094242255156065
12.246826309539655
7.7921594822324325
6.372619885321471
7.328242224310873
5.725634086328262
6.44036603545133
6.502832390037635
5.702524082247479
5.926746158222473
6.5337185137150575
9.74935311299981
9.346630122203212
11.446701767577949
10.468486292275575
16.41592225548742
91.08444115043872
13.358927158807095
10.8067221135568
9.313606943638165
13.959726622399312
13.378927793122358
84.09913449134523
38.731370721571245
13.194808125925055
18.159436566828013
24.236551486876735
27.033683809578303
15.635329280361294
16.478533254753348
11.646385403416039
29.474920849715858
17.648493674513166
16.250180509868866
19.586892720864775
79.00047419396516
19.107600032945577
74.4386891873658
25.9490679026595
18.807993691256577
12.485543246901285
10.344726611787376
13.43944861203673
10.582549093210899
11.573999544229336
7.703451523573364
12.57635863095126
10.464666620074755
10.06548515536704
16.47950762875908
