31.841682009263774
18.60584596069358
59.2928189355769
48.42511773294927
17.278263693413244
12.952077607356442
16.0986801632018
10.186671495041448
14.159032380144406
28.959204059578212
23.007807057214496
43.3275947370232
9.25799931061608
9.171638082647767
15.505490930502265
13.8007281672923
8.318571716697235
10.136790881673939
15.91226442414446
9.81750470350334
11.748923168206165
10.798482183197793
104.29183217045032
19.468334539738567
12.701239317861548
10.693199445860746
26.075182000799852
87.52588161046002
32.382197996204425
12.350238693192177
16.166157811644904
14.529015580259676
12.016243172056338
18.714591818338203
20.26489620329811
67.7378132476519
11.072364336543535
9.866360767836815
8.814408334374228
6.565215048130761
5.603111307389866
7.629421346805869
6.446238239829411
6.950723451981452
6.605594610305569
8.811403644821072
9.861769090257882
14.741201555955286
20.97547019693718
34.778419226436164
82.97563675324807
50.851292806652864
63.62330194825365
71.54735756025254
33.12556838010751
23.514630795527044
16.35866887945692
12.73663437407216
10.385482819170921
14.109987618671695
23.725780610118797
19.353040085575824
18.241386402134165
13.143460364440125
11.82575248418636
12.706015039740668
14.517577419515323
13.6752329080484
18.0352185865039
107.18128849997588
8.857476924722066
104.26706160137118
11.182300330941795
16.111860645725226
71.20748939536661
53.590274359519476
29.670269289275538
52.30519010933957
40.17044533065198
8.080191290442047
7.444879100111596
9.064806587119685
12.745213807723106
16.85974796630955
49.176115372496035
61.407260438582114
35.149614473612836
23.47174012989934
35.332006245783305
10.455256045172709
65.79318180103034
9.267671730807695
62.83806763696325
166.24423332283737
10.891778464615665
13.514657316577193
12.278039161291199
9.372747400730063
11.349585142361695
14.149223549473986
34.67205605486822
40.03314655409048
21.959152624513322
33.16123842052905
60.60764835524893
65.1683136861114
42.95161746850066
18.949875695841502
50.893712596071296
44.24540420039435
92.17036365993113
66.61476637107234
14.039578625554924
8.537503046309284
9.394864090371248
12.034536322201632
10.950227452546159
8.420953239756628
8.891864696650474
9.547270995016206
9.391089824351072
9.463725740519653
105.93771749930548
52.70382035188425
14.330083226787039
46.271573076756496
43.187944833387895
27.211984039871727
16.576436409992773
15.466027892724865
24.777819916603185
18.72247432710546
10.59008996932237
7.680893350815171
8.339043657876632
7.505542608462954
6.212613199999739
7.112198509127217
6.51219793498764
6.882330786797064
6.911595201518798
5.981401230124808
8.00492501742367
6.033513735437951
6.352609124977826
13.61047020748878
16.466238188867994
7.400260515243722
9.283367005061065
15.95095926605501
10.930355541865048
7.8719390608302415
9.981154383075783
11.25717176803971
14.066196763096324
14.427883154157568
71.63811669722584
88.07438419688815
18.245073170649988
11.494566090153926
11.875624045603379
21.724102147074554
16.012579243311553
13.167674983233294
10.890577405245473
9.642295475502712
10.354385564069883
9.670351363580826
10.904079771283993
9.902819811020656
11.18143783549842
14.793391956362546
35.31927356915295
8.901496609895764
15.455080198437653
36.12173729847134
14.138234797556919
23.16330263518039
54.200187498990054
21.66850585769535
20.415756453924715
15.302161146434623
12.11714348920055
7.2117621998478265
6.907525695097625
6.317704184220639
5.614293572901595
6.70623758189384
5.8642193207722615
5.365190698187288
5.915192573392394
6.532167614633267
6.916253816229795
6.57387272538924
8.367978512673881
12.45335347701182
14.832273190296783
32.44660022774798
12.182542816859813
9.596680696070269
12.12099908264259
11.31595539937444
13.892292423364891
33.42641376302086
25.044444063045624
16.477285581575444
73.08444634034134
47.778819568464726
21.056454221190176
11.279017570952911
11.607550687857549
24.27079958384361
21.836624024872627
19.171556210999377
14.404062170162076
27.79056289649223
19.202925739678726
56.70993274131907
29.40233988913912
12.185808033815826
12.986787231961108
9.661982793906844
11.637313999803341
9.506841764971984
8.685047213858063
60.7037394504754
10.06027531698216
12.925947110945742
11.04759170769657
16.34299756535365
54.54804280081355
