42.68984580979034
58.72406456028996
71.7053641706982
21.684007713106936
12.259921449573278
13.383159360007816
16.038411651056098
10.16087863097484
16.248771677771796
31.642125743438147
22.98292147967766
38.01977742356249
9.582726806638178
10.10810658681566
15.590108432888801
13.334654226408448
9.101609079359594
10.423533065239962
16.808413093666605
10.889507560208298
12.406042437844562
11.227096401102292
118.20688459505892
16.04455709365561
10.41342966592971
10.234379176829606
37.02298906999623
15.132418719687033
14.278028421179519
9.834152565399743
17.37904364350386
15.057671639509381
15.778169246214036
16.283942275788235
20.570709479812525
83.61485773100097
11.891312313362322
10.837990507965104
8.177832490203986
6.379306893469286
5.475208046323215
6.992228438604881
6.267062891983786
6.349280324731075
6.68511610295337
8.305760557958463
11.413544839205018
20.672667133847145
30.838584808717457
51.780082954959546
21.131739855701134
51.18541154824591
81.74357663788506
129.9933740896201
39.35901494684761
30.979612703171586
26.5980776211318
10.750477827875532
11.900109560998544
12.251635788048853
15.918180631443748
18.155566362453126
29.064811878532293
38.98156445891414
79.43300880701392
49.61827312236921
82.86341518654001
84.7560335533532
27.158158967342217
52.5425351514664
9.117701407843564
75.56059214553706
10.838529275750457
16.9019415103738
90.04512971169214
16.200644480110284
17.556994591450554
19.14217087132436
50.34363812619942
7.688895252541284
7.038176676830015
8.767245050272654
12.428481408285245
21.211583852275094
40.15574784322298
50.44856310855568
40.60151483162981
23.470380062290204
21.927128539716655
10.00094855106623
56.85769572990539
10.17947340850757
47.22375388330624
173.27848330708838
10.8298063765315
14.107457208561827
12.578034443460089
9.167631095110414
10.58923042918552
10.768315135916925
36.173886405087245
58.197629811404404
21.890481340841934
83.24265322701054
98.69686322336528
85.80915836215975
62.00673575585334
16.317155556663057
58.30272855672516
21.73521391332042
90.25515401658531
67.75028073464584
13.357465942251846
8.96226111351307
9.624171083613243
11.737052822131083
11.18112991817469
8.258474968389955
8.252751001469576
8.93870137920902
8.621319344868981
10.076838832725068
86.59866971349328
69.21495420262863
35.54878124590779
32.53750610758233
24.499750065167998
30.121572535398066
29.343922667376535
13.682476691082174
24.226364258224702
18.0859377525547
10.081674017737296
7.676019538635231
7.980388544415638
7.754028690048233
6.163403232910304
7.038091002785268
6.265921058324806
5.941197323562264
6.922102496789195
6.090065941312041
7.830296291447124
6.221215351011205
6.228712531359147
11.469101235173914
15.366370310437553
7.782485308084963
9.75965276479835
17.418986162705828
11.357618632558681
8.370154225116046
10.202364678808765
11.334467048739066
14.105794609038174
14.689191344688004
82.3176908220401
81.53403431551047
17.24591628981245
11.201854926858397
10.874661087592951
14.898116915737171
11.570342188038559
12.441815402973903
10.68301927742194
9.970269560943132
10.70272874993237
10.292939348864168
11.125163243114986
9.85663385388486
11.90314608659499
17.442572777497524
19.094951262799704
9.098636333410699
14.332535112824353
16.563189531477736
14.551924111907525
16.983572906278575
18.53582718881015
18.521477928889453
15.596433794708812
17.511272754880647
8.263917093497843
7.5968314675796345
6.209854423700529
6.352770934467519
5.4427696225050255
6.823100965050724
5.8855761152891555
5.569354112429066
5.997082311566155
7.459416425059496
9.025486526318467
7.7718343325329995
15.031843173190282
12.041635275197514
83.49066959874197
14.578077109515863
11.880924282563575
9.307218212156075
11.933925364549548
18.625273902818005
34.492418866982604
59.03388589361872
24.280272098057893
12.751761001895368
20.185238216456913
25.9410415984887
14.433458404006977
24.467960194225473
13.110497995046359
26.527126574848637
18.712148639654735
14.286003503342577
16.16340455725041
78.22424114261707
24.53531903708809
68.78436731163134
34.07485440007418
16.112225984429728
13.028497496075817
9.57047073330315
12.065399347282582
9.879169700888713
8.718146896445127
51.907363606583964
9.453477315438388
12.143832456632527
10.01752170723831
12.921529797022089
43.877531290731
