42.5649
45.4018
67.2265
28.9107
12.9358
12.9062
14.3195
9.93256
13.392
27.8006
24.5106
40.0132
10.8916
10.3208
16.1247
14.3055
8.61806
10.2566
16.1245
10.2737
12.1318
11.2816
102.248
22.2198
13.2641
10.6787
30.5614
72.889
24.0444
11.2524
17.0645
15.2276
12.886
15.4802
20.0803
79.0089
11.0903
9.73081
8.12816
6.51751
5.56126
7.18108
6.59906
6.96474
6.60147
8.5038
10.6436
17.744
40.7147
47.557
49.0444
51.7537
60.1634
95.851
37.5162
23.155
17.6451
12.8401
10.9902
13.5369
22.269
18.7104
22.7801
34.3008
20.9673
30.4943
36.6969
41.3108
25.1108
64.1581
8.60814
62.3054
11.3091
17.2425
82.2456
30.6364
22.0264
24.6044
50.1142
7.96542
7.30373
8.95079
12.5241
17.6096
36.2641
44.6213
35.9199
23.4752
23.6335
10.285
57.0952
9.72075
60.1258
169.83
10.8582
13.913
12.7224
9.46822
10.2434
12.664
39.7372
40.2331
21.8324
46.4737
62.0561
64.1319
37.9669
19.2938
52.1143
26.2117
62.6631
39.5268
16.3948
8.89734
9.46501
12.6493
11.2059
8.47724
8.49205
9.59345
9.42388
9.59408
69.1811
62.9123
23.807
42.4323
38.5051
38.6517
17.3705
13.4862
20.7782
18.5366
11.1662
7.81095
8.0488
7.24755
6.25488
7.04382
6.73317
6.48661
7.07445
6.13317
7.9623
6.09819
6.57854
13.028
16.3709
7.75494
9.67843
17.2218
11.58
10.7814
10.1925
11.2673
13.8361
13.7508
61.1018
81.8686
13.4207
11.6519
11.2627
23.6302
12.7699
13.7828
10.8301
9.68346
10.5951
9.84495
10.9528
9.75684
11.017
14.4368
23.7942
8.9294
14.3547
18.1478
14.5846
23.9845
53.4622
19.1138
16.9388
16.6568
8.55719
7.46695
6.27436
6.506
5.35292
6.92658
6.01157
5.42172
5.79908
6.7352
7.28697
6.73264
9.86868
19.7268
28.6305
28.3882
13.9044
9.34023
11.3793
19.0018
36.6878
38.8066
22.6613
13.1659
29.0573
40.7943
17.5459
13.3217
25.5755
24.2163
20.2789
15.3083
15.2273
27.9222
20.6596
29.1364
24.7048
13.052
13.6544
9.82283
11.9732
9.64357
8.76671
64.9576
10.0204
12.5694
10.7794
19.7553
39.3366
