23.828931341685735
23.135974256673702
31.84061988556104
26.0163068731233
19.507631387650676
18.253868450334416
13.661621409401928
15.967219883555073
12.11493940117715
10.28366012952206
22.207214158622644
10.738475523042666
10.046715490613229
11.68406111880108
15.30559253994707
13.471576716486101
14.169590499408368
9.729056540177575
10.2695695547417
15.448242010303312
11.040916550071755
14.596207320717125
11.35837568976438
20.404695442332205
25.296095684211462
9.418280867539123
14.72647539636312
78.7244730172395
85.86554722381719
16.880451520054542
16.45280041365917
22.22512474861585
16.639491282529566
13.87035343349426
15.216864024662938
23.49706090100422
11.091279941927908
12.372436737102252
12.243820062150379
7.255362419806295
5.742701292590608
7.468793187074846
6.749797909520086
6.383119949492589
6.1435912921882565
7.546645424102262
12.429784720338484
10.64721015577371
12.126973553319711
73.98798336372639
34.638053285085746
56.93846362825735
32.65814408619114
81.64675765037494
61.910609554565404
17.63784980917589
14.329349634111207
20.410538245730763
10.964515787285112
13.435110612981608
12.061397894643443
21.114617920317386
19.358391600163365
25.98675832951226
16.64126163689011
25.584083359227442
12.73563299578209
13.819055920748685
13.999165669642096
51.04214434355933
10.456738596187712
10.423899978564334
16.091388922784663
13.051770617004133
17.873841884795166
20.89650229664405
14.77150205910265
18.831423278233874
27.602914500248396
9.87571855755421
8.455144273593385
7.8079938185826085
13.46960629315797
13.215070051538936
13.39439919062034
31.478283715824134
53.69034527359995
18.456973938724808
27.70826535619408
19.681816436189365
9.092963702003514
13.870743082390465
13.384159289725853
10.721933697178175
8.95118398894903
12.922274174773762
14.586184592679738
15.572853807533717
10.216983222867093
10.515515107095213
14.917140771901535
8.989608676929326
10.928885153873516
26.799379358151835
14.792859439445373
56.797884775190816
30.63659645167832
24.570450520717866
15.719897088768896
48.7950604264142
23.88526950568306
30.45390713739274
18.11096032547981
13.855896493839495
12.692195840135785
11.05711091642617
15.761138712359974
10.011721070404443
10.640256334903636
10.22794232588946
12.918790381430949
10.53919184414206
13.47708953660279
17.277368391958536
23.970768785221942
33.33825651182244
54.65693560269176
28.611989174583528
18.438738713411567
22.683461853790924
11.771713584417649
28.019825037994863
19.86901518992337
8.112158176182257
7.348533195524354
8.520263934905158
6.580895494877729
7.432064851278237
6.9995051554455605
6.58320210331224
6.821479885502044
6.1670003264934055
7.336544022772794
6.480842769688845
6.415469137150428
9.762867031136624
15.312104725743644
14.77224655374438
8.483527769499483
11.186959842895158
16.106220096774965
11.604871543399481
9.760176976637446
10.577940321964297
12.464249788519469
14.552426254785717
20.437918020827322
115.74291498949347
13.33736182852687
13.537378777678093
11.433944026708474
14.525380027238036
9.68527673799845
11.36881615777337
9.179258942712488
13.235293760701394
10.61149351417786
9.688598546227167
10.283745551116223
11.400117850531421
10.429680166540132
75.71271556946071
19.19467757933773
8.745356558724051
12.513701604841089
15.070200146217795
15.625188026127153
20.483327529833975
13.496416657547709
91.70039007362196
20.60373327110918
17.502386417402132
13.083531545544567
7.6842051686771535
6.414915851175401
8.098128469608167
5.708382024859133
6.481061827635579
7.106787217142014
5.499246491627201
6.085142591002592
6.556010385929003
7.6709714348400295
6.139717197077638
8.030268500961865
9.219552870620038
12.850903364603417
22.927200916746294
21.9069385257772
9.959567966647517
9.521490339094214
11.625895593333453
11.505932771160678
41.401604075684375
17.860643071236144
13.923746579550423
23.98454749576996
21.78155459454979
30.718864211390994
20.630161433159905
10.759259057053603
11.361023516238399
70.40593417064387
13.543531861471227
25.410586626142965
17.544696654615635
19.211672916225545
20.13086219626641
12.680992829781918
12.918170129336536
13.66878810408149
12.33810861346283
12.017224218526135
13.050057990208128
9.976328989477082
11.499497918590741
8.260389815550578
14.756189911827015
10.119049485313669
12.966635717312545
13.496886566647543
