35.22037794590987
24.314687301128657
65.59855704534434
37.877532240551794
13.89242182940324
13.415648293731689
14.449874373599203
9.782745563692142
12.161796774484722
30.775738141151297
27.393264986239092
41.68287639112167
9.386569240841467
10.049104927673037
15.27660446868479
13.404817274113551
8.668055067168616
10.221508823584108
16.06758153341168
10.700940279554736
12.297070006926356
11.216004517273971
113.99377757923642
31.275151303651434
14.75408904947091
10.906155337699222
28.391494957211464
90.84951292879272
26.89982054795546
11.510385236737198
17.065819259634782
15.45815257661396
13.973995007660513
16.828610796198962
20.333295565067154
74.76993596375202
11.654797064125654
9.38949900812804
8.108689042259455
6.351742216971173
5.53821658153537
6.963398307333144
6.6112363315431
6.674844264075883
6.649976263777513
8.80662993875899
9.169378573132596
20.67240060765554
66.72575568492036
52.16062579294841
76.51811790006705
60.42349771939802
43.89658137494782
89.00531062595758
94.22124334367102
18.264429726255464
22.03174655893203
11.867091506450643
11.139900911492086
14.107146534075287
22.549370534616788
17.633352278212772
25.939884845206016
54.181815109460395
9.67528268465537
26.745914280757162
13.392920271626762
14.713467898395757
45.552116424853
39.54904828437158
9.262678981447893
45.939160344709514
11.73970309778172
18.374755594836383
90.82632169873199
18.588576516028333
17.994332764272468
21.91096864527169
60.622015634511705
7.933583332201714
7.1029892187902615
9.160022732496287
12.770480025124648
15.44958860229462
22.413676742095618
31.368954834172456
26.309585049075515
24.057656702593462
24.5016118675449
10.179200322667954
62.54033756063593
9.033412776253225
53.86383735175047
173.29977988307039
10.9900407703717
14.013533999195538
12.674836066009028
8.330951044862504
8.624765263528749
10.843373487377557
33.31330492518731
30.166600844661087
19.644088566223942
22.360784417766173
45.12011771555991
46.72387547586948
24.37061241998535
18.378737308418167
41.37556768422223
17.98916133665957
34.80757561036951
22.976553301963296
14.472040177650305
8.514632419699502
8.690695394279308
11.071981338611634
11.60237300335687
8.486786622298133
8.428517861558017
9.7100143764697
8.931145868039158
9.845893092482072
84.98743961728245
46.50879271573851
18.434483391703676
26.469046331168673
44.224674014937925
60.92540876134395
14.96615199189511
12.896570167663263
24.80885199147924
19.22549955571683
12.469442061274348
8.59981751349555
8.150473499420356
7.664083917432685
6.323344269103944
6.95198074156918
7.618758545708842
6.651323823483198
7.043851864105179
6.374766575451857
8.278517462073127
6.050449171577732
6.803692888563116
12.525304530771642
16.342486791455904
8.090183914563392
10.095921208708129
17.851248559913344
10.39476585301199
9.16070683427764
10.238687454401449
11.1583949205087
13.712025713071178
13.889946723722824
56.22745055183814
80.51055170025504
11.254295350676239
11.287423740434287
10.982122466271719
14.567530095715655
10.69910712903151
13.521768080041753
12.67520436447464
10.043346654478524
10.472592700179842
9.823263388865696
10.639043934675525
9.723952425515659
10.924158892174496
14.495125973297926
25.51152369900933
8.805573712246744
14.50704579786143
15.394786306845123
14.856007673759288
32.297859091896974
73.2937044595688
18.82124992277169
15.924678267137276
19.75502815758429
7.534362069388959
7.521400322119725
6.3972176978744395
6.452736565091687
5.446918216014345
6.815670454503979
6.247510132324669
5.377521185662759
5.725835147068022
7.068077558275272
7.493650267719881
6.52383262141245
10.518521975959507
15.31385831882141
15.533247908759307
53.32173038309562
16.104682675332622
9.381963731926978
11.887479489202464
10.695253039813108
16.564374552986312
37.98775938135631
23.252136169405972
13.787752958618585
29.08538773231402
37.529496702948016
20.70582572299939
13.542282808706164
66.55652897347768
23.4830924744645
24.835839448016856
13.726033883846375
14.01102865959236
25.705246781701778
22.37178615884402
32.927822063308476
23.982413539041268
12.970522359963544
14.023129946487495
9.24178582582054
12.10528333288973
9.637428114147934
9.088742700906973
87.60112367670854
10.267286937806968
12.841959567367724
10.188364640387196
14.503279621191043
24.189694110679582
