32.242810064618965
27.89748312576246
20.932321052328266
20.7804770111352
38.35641477965564
16.82371886210989
14.528799823043716
17.885143691208075
15.746988120031924
15.082482297565273
29.260323001417632
13.66756400509113
10.088056078861136
11.43540306971032
13.032400221399552
12.295684523064718
14.599937624951886
9.69213538366291
10.271769235591414
15.265214532551878
10.514247293068967
13.628944916518828
11.009615851616195
18.58237096189199
31.539604053293964
10.97893011551609
16.49110872462607
49.739141016711045
60.554830888024256
18.51595361713361
15.876243403768214
21.828436089490424
12.96745174000551
13.368648591738516
14.976131819047477
23.789462148512023
10.873502357841817
11.958356672171925
11.99144661076776
7.419556839735755
5.928448154390911
7.677408140979121
7.2118458739913125
8.327591744346073
6.745690635051753
7.582680677760233
7.6290621638573795
10.369727846043746
15.321824948620328
15.472750758362535
28.381298460360053
17.302665610331736
28.39819178420782
71.76559713482385
24.3691936009612
12.459591455755078
11.970474211717203
33.580619625297
10.93057134812498
14.386927520425566
12.88799776545469
29.309822181402293
21.82473444683412
15.129121096540324
10.53624821848581
18.316338340409914
12.400046461778789
81.0223756934435
22.743824957460088
19.827516837386522
13.303674832596842
16.03286733977188
16.594626402015017
13.449791619604726
38.18685738857426
64.40710916849243
76.84263895189208
20.849844493681843
18.11036420196069
10.060508952090848
9.183970609464703
7.441978120209904
14.043697803827584
12.4965595093741
13.875430927110157
22.204889593815533
14.641581254017794
17.476804821757206
26.94105079236108
14.629790964391523
8.804083874831441
15.303821370339982
12.062538854165386
12.538352717509774
9.630942021308247
13.131809008456216
13.708577457288166
13.971575443399086
9.39405586999852
11.672734282320874
14.204507100581845
10.294907355884781
12.152577094238616
27.662768535718225
16.14237098794196
39.2144076364369
19.576943898508564
28.537133350657797
17.527387840501717
47.844358182822646
27.51644022344011
66.8974046543639
17.333659367767265
14.103692859998556
14.187038350160586
11.368823940809
16.24412811136843
9.93275510714229
10.04481314649669
11.030517135264354
12.34046467436897
12.071445598229912
14.829179489362957
14.493538086390709
20.05276538336669
13.447458816233873
12.115649307735769
21.51787585709019
12.269089816786948
20.84753838707631
16.43329321620092
24.218525063302973
16.154530058533794
8.278458929361838
7.3474131939522
7.573525990191166
6.430646026111122
7.528104071932293
7.408358415378861
6.526797397525371
6.8401271442524285
6.157891939885281
7.708525082846183
6.637512728937506
6.4542050623403355
9.125750510739902
15.077587857942762
13.92422018472044
8.381933183291862
11.30336238332844
16.9313791803226
12.298864508514363
9.780212285598198
10.201102020679684
12.570865997170483
14.564198570171333
22.47497220021338
126.31204334565032
19.21602745899916
14.033660606264688
12.758225603788878
15.893954711192722
11.943589707708059
13.163321005398087
11.935780316472869
14.405926941234965
13.079037590640912
12.717615286665254
13.356785719076743
13.285850090150994
9.734577140619797
33.8556703287972
18.029744009870836
8.678932089906452
12.217595024851844
14.395652818337345
11.647791008506557
20.84984549247284
11.97916836064086
79.66406219963257
15.710449586673668
18.007469620049285
11.578002604007906
7.809548787061228
6.213505752379107
7.984327741434768
5.598736054176271
6.4007405951602365
6.903706675568431
5.673274948616051
6.206712297468119
6.359424863934167
6.301892497582147
6.213758319891546
8.647089885433008
8.952012661341222
10.297866994822094
17.32520578248389
28.89131681460547
10.823164872448906
9.725724761048413
13.730104284649016
13.084070614135884
99.66669748730789
28.114300436369593
15.243478418604942
19.733922311177952
32.06355279125022
25.764576511026725
15.503378761509202
10.264064605191036
11.548176159520219
22.891603434760583
15.815612630480873
16.146948037126304
16.67864213297572
18.60675894084521
8.25498468937724
15.744629920105865
12.055245149377473
14.66417593891318
12.732699097070023
10.880769738067448
12.743005161910625
9.99729276721449
11.818051591053122
8.206186019288385
14.703161301188343
10.157775136133054
9.993090584459818
12.949587508020885
