39.90434947690923
67.78914133479675
77.55231352271316
39.92319750582824
13.372080695507229
12.99824427242023
13.493680752242321
9.767916126300612
12.663231165784037
29.880208310921223
19.010997445288474
36.41551264009068
9.454181962798293
10.357643733694234
15.607302929869942
13.80356486992831
8.688886638981247
10.228870882554741
16.243381086686593
10.65934335684252
12.18622218828259
10.789106173200837
115.50076691187934
27.472634196557504
14.309674337510481
11.958363650767609
41.69740374341954
86.65919593235535
29.661257108918644
10.617577489853327
17.55751946589362
14.722694064145887
12.506467605062348
13.972527396613037
19.95826374182103
85.69193676003749
10.828171014224838
10.540022938798353
8.337035189096106
6.8246037531650146
5.662255401321675
7.012403295140033
7.532892498934355
7.329380164155595
6.253665974924223
9.673957927428944
8.626128612144704
16.997737545179838
43.66357930943161
82.98405128046308
41.73849003060071
46.53282147967829
59.309671023394834
66.03697727773671
35.03170935282169
36.446771915883694
15.60180763943619
13.220348611350584
10.505883328159422
14.387830007916824
23.45279051730994
17.6314180788329
19.632627056295647
27.867341040626574
15.161642266210501
19.29545120239804
70.29919824879966
24.865569718491148
42.091176858840775
43.87022003868397
8.73059723247795
63.15396292043609
11.390472581753038
19.51581858279147
93.56912262249016
21.985929233944496
18.286103020399604
15.850658940503203
51.6795058285109
7.374718256894161
7.220055073737768
8.958636494627498
12.342722364985981
15.90932990649916
27.009612980209198
28.779600476582843
23.783920613271718
22.92231540568733
20.050199549430932
10.286257912906713
56.141685430900274
10.178191780032583
57.22394900139519
170.8855037787184
10.778145119173855
14.797648834454128
12.61137904616167
9.753403247997797
11.240290462051725
11.456613569806274
34.44052156497907
38.61401216965038
23.450829437850402
28.32737519764178
37.490331368359
48.92274865709975
23.221266635864136
19.38423341830758
49.154554741436144
22.629395475314766
61.52668874543048
39.82516755262231
14.504529378261141
9.009924803760057
8.903730309551221
10.927140574041504
11.04497610142024
8.393146376045529
8.047308247075762
9.602048989776677
10.007460252310162
8.763138532075354
78.47508964715082
86.55080174941975
28.61057749214666
52.70184996157355
45.46645148216807
36.34533070936402
16.273178390777343
13.106430103370776
17.11025940087552
17.022391833992508
11.011367368820801
7.144370595745451
8.517465465696205
7.052098653966203
6.096937956718665
7.1085819781944135
6.272657101813227
6.480461914463191
6.999159402067737
6.0474138329828895
7.663611938618247
6.094529338505221
6.509570755581581
13.575520346911448
16.765661958995086
7.507142171790017
9.27520264938079
16.870636808069982
11.617901266531772
7.942614749467779
10.156900535212353
11.308613763772971
13.98017683707041
14.545463913264975
73.5703203075597
69.33448781612685
12.198856613157574
11.149802311449573
11.34465354713153
47.01276215187527
15.468551729087038
16.575114428249734
10.485732689648268
9.369933739482029
10.46465532053099
9.947113900888075
10.361551880867234
9.584304659190423
10.906240993920795
13.655083468370195
33.71199633166612
8.841799717882118
14.236438603383366
15.501269007368984
14.30649060364471
27.8799669826505
71.86537508129668
17.854596529583713
15.076907670794071
17.629733190051343
7.400348210073935
7.401927431750433
6.309391065916892
6.551586556351503
5.3497375890002035
7.182277662159176
5.903427368251636
5.436380108845067
5.645346098500115
6.9797046668020535
6.698073711232948
6.2376958617818
8.072314509802197
10.230978637058035
10.562976340268657
12.328829026713061
9.89971499947137
10.534786292610915
13.958839746962127
16.92170626180741
58.7066407123713
37.03031605802326
20.668393350686696
12.711076589929402
19.229506260727245
50.357040930743935
18.14523983612743
10.185962198593947
10.773949884145004
28.742569799530486
18.895200333674502
14.250361000276271
16.212173390046875
18.57080968840329
18.311812783849987
55.89355570541162
29.27781517855365
13.486119822292366
13.429878903154304
9.46028288827077
12.083055269469742
10.358583031707726
8.859690843549606
60.40062722660302
9.776243477250825
12.956536763364095
10.216160452450401
15.828373336331522
46.021023693451305
