40.01104274008202
81.18011116356138
76.18668047310334
25.46601998237373
11.848189293511332
12.588451061581408
13.668219427474272
9.896299729283365
10.964385701152972
23.252512445737647
27.786815814722534
35.46411113682946
10.556495015259635
11.210172867851737
17.34267064695386
14.147371631470824
8.744543295656234
10.28121250554595
16.214453354248594
10.129379078181294
12.378592461934957
11.796414635547617
103.99820918032884
26.460525421194358
13.579589540045912
9.890512390910429
25.545538097300074
96.67356068975752
22.69983905979749
11.317051949623194
17.591831056109594
17.80171392168685
13.554954948761944
15.007872204436591
20.01227490616304
84.5030385341981
11.478825246820598
9.35691552560881
8.19699296848284
6.101235549479176
5.397966739744445
7.115644737953583
6.337193022893843
6.598624881506618
6.406503567681443
8.011286939405343
13.292811209341501
11.959423976752616
21.19931239891083
59.05387332506452
24.84644859635822
57.09936405594029
76.78646667291198
85.13955536319096
33.62064793223468
23.82683047988282
16.12416902958433
10.915243622353026
10.770476870536726
13.77989065825477
23.42458270660288
18.999467187372932
21.766225597324368
15.998837932197155
21.780773611637976
16.28225175012026
12.663188114441041
13.196696755988464
13.456251017101922
102.78318989708528
8.113501722289277
75.37278981795586
11.12414191417997
15.999572202531551
87.380444206122
19.837479182561044
18.599562952585146
24.202172902118825
53.713786390897965
7.568235840908758
7.169913909199994
8.824137122903771
12.780529688429144
16.288629694172823
45.142668620973424
61.079823260922495
56.23136233842419
24.59013188226058
21.614937825339503
9.68131787904317
45.84649074127221
10.463861624427837
44.42736267643175
174.8178677331336
10.258163581032091
13.935789125429364
13.91232300395744
10.159133703081306
9.517928820959659
10.81060432405344
40.748630946199796
28.04530582389431
20.962359246443594
47.8205346907615
69.50399700347324
80.2704868548276
37.081630344568985
20.602472141988496
51.678202210907216
21.872749014122597
45.64171734241266
25.807910487438743
14.694428746010196
9.269934490027543
9.344657731718716
12.271450004275659
11.352961876801364
8.702007978996356
8.569151386315536
10.112877637330477
8.923273524139255
8.85424554375954
48.98820277670243
85.47254222377352
19.168843676627873
53.44121457657006
42.466073504195094
40.52560294613404
15.661629297427854
14.583660657435848
20.14820217286843
16.628855267497816
11.482960370599425
7.954837823193095
8.044465144222247
7.247220974424614
6.223294153236628
6.991599742791734
6.957505468716785
6.400540355503186
7.038500870840939
6.095764830717886
7.814375314971107
6.038219824799651
6.752223766144614
13.190028445911109
17.208024552836413
7.73003265896783
9.662712935307793
17.458630524097845
10.982157809835003
8.66422083310152
10.19801368252573
11.292676729135486
13.658711920507915
13.145234937759408
46.69004772567632
72.50318763798221
10.527725248058049
10.795615998017038
10.915035936639129
12.072125800591959
9.611230220258703
12.41874450376312
9.457417384688297
9.39177887931596
9.265426866096071
8.936619477519356
9.931989753066853
9.953366928748563
11.490001455326624
16.303099925520627
27.80996970822868
9.16065985404429
14.440470677292145
18.26165145354804
15.488050938770748
28.976785410895946
75.25371126518806
20.358104932182783
21.663854474669098
15.292163711889184
9.087150533397521
7.3615258896277584
6.33228948363221
6.5136197521800705
5.307738038161857
6.860984928862907
6.282686017467126
5.3360526093166065
5.766691800105478
6.89783523405128
7.279752313866066
6.0637016433140705
8.517852686801534
14.050151768789457
19.9623850089142
18.397739281995694
11.647736407769933
8.580768417519415
9.00471718298866
10.92548581463873
25.469969713800737
20.99816113608907
20.434706638785165
12.37731369738215
18.85072702253567
52.11297703259965
19.57583344385426
11.412526937538034
11.426831579149788
25.141074569632412
16.065545166401947
16.64840523941024
16.561984631010805
29.054692958055856
22.683816039797605
9.954298171485762
14.956606862368005
10.473796551697104
14.913995376604726
10.719407921234257
11.813908031998258
9.397385169893898
8.565305533923635
53.703637681528356
10.344479432453412
11.650705970093691
11.071924861090231
12.945233451362801
25.81905995407097
