49.25644104655282
57.649425160017074
64.18311290391694
19.55659974555436
11.989749277403401
12.932766974197458
14.663619329805732
10.077120487773117
14.764224360503874
23.161099743341538
18.291145330205627
57.23228306936908
20.947202730419864
10.792846494813947
15.71926173175737
14.029726354108067
8.534780470552038
10.2691618438594
16.179892150218432
10.12140027867661
12.277405445743225
11.651106501397049
113.20830613056684
16.26380119327953
11.812918307838894
9.94312321084077
37.18187371184708
45.796666638799486
16.726332108980728
10.562802885969237
17.395153370516738
17.691362821373858
14.167891475289093
19.70182562538139
20.649994330351507
82.19537437466815
11.905610651874964
8.77747389159392
7.88923342932558
6.497164334199764
5.550681295127346
7.05091670749787
6.707826982218497
7.313852844501874
6.977296581838697
8.032622800926317
10.639651669907211
18.15844065140484
62.1713690312209
27.18502528228128
30.091216490129646
69.08549532017749
53.99576960357745
93.31761509678991
20.888372072436024
25.27411188768093
16.541102973607703
14.329845447318878
13.797596687583031
13.584466498525135
22.71003925086193
18.906015757605847
20.881503878092957
98.58108788395872
10.814624012455074
53.477210033871565
64.79841550789251
152.24238774511429
33.088012259670414
35.42324674021212
8.470598211445207
21.40179332228355
11.297077755229381
17.70793853062852
80.28699595276119
19.06439975430271
18.91466327400548
24.13306799975343
51.947529187486516
7.886084567729658
7.56932359389925
8.863843577562658
12.382520898460632
17.496112601342844
51.31764455804469
69.94488192143635
57.319421694200855
23.227058946973234
27.054091753374678
10.21193623792789
65.37021451192076
8.909252632714567
68.91966605057236
169.8526456624484
11.127072404907072
14.528046426362968
12.727489003690097
9.293735888699892
9.069427708494882
11.854132130377915
39.41536796962457
36.49833515830368
20.21851398902374
45.957496922105626
56.99504677217063
50.95968026829055
36.53378086387743
19.115627875789396
44.36182219663019
24.73216411806894
47.98814856845702
22.52573302278871
14.54269146275209
8.754545756225067
9.571742405917442
14.859048074138641
11.569257865339157
8.450559888998008
8.677877640898757
9.493899047875923
10.455521279839214
10.301174050234819
15.581305731773904
10.853435891535163
25.10396495972326
23.4179671491264
13.021885549851499
39.25348865343004
11.739969033076813
12.828508935237368
19.873847316439498
16.34045301037821
10.540763710975503
7.735167757047177
7.582380272866392
7.425924857099366
6.328151987137651
7.236345271062347
6.428446126886097
5.950252465848492
7.306819235641457
6.029353219681691
7.79894575625522
6.286878937081727
6.47605786539844
11.370734779262312
15.360015722830111
8.196709014814534
9.65320837669603
17.77188451551559
13.926110944844533
22.4904489650404
10.285369120213547
11.287628233050906
13.316920925716373
13.308773905814338
55.01741209662022
84.0797607725747
11.4238033443295
11.62821058387491
11.497091777100104
21.46831856095629
16.496600388815914
13.205449484692101
10.413973392495048
9.955288426604374
11.734142084812488
9.782518354467044
11.023533578015018
9.5317993199412
10.584201267101168
13.449120598471932
19.90376496992052
8.884594135273565
14.138455947101695
15.977110778799615
14.392526756797155
18.474851140311063
38.7557737798373
17.411330888656423
15.78786689119532
16.829134686955587
7.415646229109268
7.624914850092218
6.211678361888667
6.534570559178515
5.280814195549952
7.058575885293007
5.926961018727113
5.823275901609364
5.935047812829147
6.731664841455628
7.5042656230825475
6.779085948099891
10.854089655581047
20.055446762278223
45.79419480815359
13.610198599163391
14.074270347736375
9.672079037720653
13.18929970069873
72.96767866946576
89.76512393820796
67.56619036968962
27.144414774909812
12.688845842625575
40.8021159792657
34.797021229000194
15.989878403777066
15.23317260476513
68.06573083389844
22.42065418295785
24.432829007041743
17.456796688769945
16.232639838882914
18.09782252581573
10.299915429219642
7.802714502318654
37.5592232719842
15.091162536342901
13.289859392489067
9.892261833824282
12.314326686834375
9.60878828130423
8.821361922790164
68.47025989454208
10.389842521191785
11.441818872774501
10.570802462415582
17.25126825903798
21.95017990855776
