28.86092875612718
74.61530210235824
71.80327633898973
22.501561717611352
11.884615718050735
13.096435114283848
13.74515245087027
9.987196690917969
13.019712486841849
25.540835610743482
31.49454968819244
32.159963004338316
10.519044565246693
11.56533587323568
19.126365614941022
14.520702972426639
8.699617393849826
10.301262123995532
16.03988373806158
10.82798146632519
12.452426579587199
12.132024143858573
98.41092987141734
28.00295023639679
15.602560072850999
11.815152423125458
33.97682792814268
93.92466452183825
18.796016364613227
9.288864881034895
19.08815033963975
19.46701584661158
13.08736369922698
14.805819579323202
19.681012369450606
85.3681589758681
11.333820559542046
8.51653279023019
8.070269010913599
6.354556679466316
5.637254691690695
7.0879729289841125
6.330193401102909
6.523746538886383
6.463613336797297
8.157936639734169
9.12899957910737
22.80298812950301
49.208944806374376
61.07753224693551
88.83840675760035
43.958923094717214
53.881370656717195
159.7126379735131
23.094268456086702
12.558343057872117
13.686699145696714
15.750581207691715
9.840558887765724
11.98276522125248
19.154725281146607
16.781808141108286
26.545773700432246
13.219925570392899
14.94571765250747
13.406567218492599
13.60071230525124
13.37167485291797
17.266326343556667
96.04011963425675
8.738683130030552
72.56866785078361
11.08928450035676
17.09188323414976
86.05275912543017
20.577943335491575
17.845674714124815
15.342432891890514
42.79413272150642
7.662107667326882
7.385849261980274
9.165341230978626
12.809379087797424
19.06789148516099
36.767521345911504
45.329198164565085
35.70946793704038
23.688982918381075
23.693020608542366
10.411924682474433
50.18902240022448
10.20629681309851
51.023652336917415
169.70309614296835
10.497314161392145
13.91335393561852
12.68937966749028
9.802348430323436
11.156025447038854
17.333626836171863
54.22349922039844
39.52032132792033
23.332685340362005
32.27491635839332
42.07742144355067
59.402968905132774
21.261688859873274
20.20808796727105
48.82761009744859
32.743966667765
38.88239401131561
22.277788000127376
17.356839979763595
9.007467785272393
9.981957267386715
14.28635774537129
11.106523453914695
8.453871294672208
8.349658188516006
9.23152891624788
8.615348741922247
9.69347384216573
81.98520840722136
60.40150012964354
40.628496355922074
84.59004902405802
68.32981907216126
43.15639353489241
19.977117904332722
15.113810985341445
21.76054008266989
31.08716405672653
12.219166526203525
8.547607642686867
7.717021169357735
7.391606215712139
6.398538006980699
6.592409052580532
6.428276989622635
7.273337302281903
6.931595911222828
6.222148904138225
7.900466200253442
6.1220536492526945
6.41073982552205
12.717195623681965
16.589865453906008
7.989414174745315
9.93687749470357
17.83613038058965
11.926054680235465
10.588422278870866
10.22475857596589
11.059772280950344
13.843329816631492
13.780044246090362
72.65569937749808
101.73693774968028
17.505729583478725
10.918620557410533
10.921949517314264
13.807649414417229
10.742242621279221
13.43146186654177
9.989503039834782
9.6681576315579
11.01366560911066
9.193966014697622
11.352946543184185
9.991203267221225
10.98907620799282
13.575809942988615
21.41813425735279
8.834805448288908
13.941229357037338
15.69906329266383
15.537056873330764
30.053961622237335
73.26666662533327
20.603702950981567
16.357940596048397
15.818295973347649
8.488824500970908
7.444099935572483
6.080036223439157
6.642195900603089
5.241417366714632
6.876218460079357
6.007737369800536
5.285708618757991
5.645098384984548
6.501373077216843
6.583503297027579
6.210414683073419
8.134453182713756
11.965966289662504
19.006970939788616
46.84630457180138
12.449249458233856
8.795932396723078
9.985543918124417
10.553922445384801
20.541799331640853
20.565247685458026
20.047386741399215
12.569534722125251
29.381419375349545
45.22435615818756
16.90364461735668
14.348313313530676
43.99611223172665
20.324656724328847
26.479131311214335
13.606499174733596
14.10370080843754
22.328736171020935
39.04749551848819
12.240955852578075
12.3361892834096
11.67355723211888
15.775072630713689
10.300426791110592
11.79756310849007
9.409733459344839
8.68469499364806
51.178412420910966
9.687331619533685
14.082747568768202
11.976423925284305
28.64753343760307
68.89588445106428
