25.585518361076563
36.71135495570034
29.714248607913348
22.474618070181965
21.124992854937556
16.587966855115017
15.512811591081164
20.188442259791888
15.23159822188214
12.676290432153817
24.4306927192362
12.93242226247443
41.8330011942841
15.335786002506742
12.916525031455537
13.419053497954737
14.065329040977176
9.72999951882309
10.323092206562903
15.703352000168383
10.71278478239031
15.0515269233983
11.365669677253353
20.2716665177277
14.981799203402629
10.347531974516114
13.813501947861255
108.61510351677086
42.71419145354975
16.32437146918891
16.151772841439524
21.800493453996058
18.263789456623257
16.365047166082537
15.92846539072119
24.2174908317762
10.975172749591664
14.193498513169018
12.182444013906034
7.350427885981499
5.85194091062872
7.173077648947721
7.050144120875661
7.306152205836714
6.43145379768345
7.617382649441052
9.171270848660663
13.85136713793719
16.009522378751875
38.64377456693621
28.606667975068618
25.53444346442093
71.15882765080737
80.8804770242788
40.552183656763354
16.472261247405143
14.374365357465235
20.524394165534254
12.899298638342826
14.109650895886746
12.57646853845048
19.52448750646571
18.748207557119724
16.267560062019427
9.082329758395455
12.843389323600768
13.14599039870442
81.22487426110102
34.119550650615096
38.45444218304963
19.993257967462227
15.95731903431491
17.483884948733117
12.499836776446164
18.455095514153793
21.31488554525351
14.89433536336123
19.709916788553002
24.63735622634778
9.763604864961204
9.189191642533142
7.582475071665917
14.59540133740056
13.26007140290231
14.023126700163866
32.20639342243979
62.28428747351458
20.07116056503116
29.786680617283533
18.556371217603765
8.807247808559639
14.215793285237522
12.234029347308216
11.81307275603324
9.187733893331139
13.522670789254608
14.506992868171318
14.120481472980934
9.077709117768439
10.715036757626308
13.0227066136156
9.082240099958325
11.503140370851728
25.664735165285364
14.482287649136879
37.265819692693384
18.930873646636293
21.81403353651189
15.535885264106735
40.989836010403266
24.639816770614775
35.957190626128515
17.483296338265994
13.841307815187374
13.969772781923034
11.512785352443878
16.07135629122722
10.206656075524796
9.527317511725144
10.50871233248568
12.538453294875492
12.981922546031589
13.965374321735434
13.606268807059323
56.45560060933084
15.833616970365531
13.737657786087162
20.4594107648729
11.511760782743616
20.17960209056115
13.80653438256485
21.060556968963542
14.115250478617899
8.086342615334788
7.121777048797457
8.398624717048573
6.597320678308984
7.356102428374408
6.518184980232122
6.042147869301359
7.27533780949815
6.024848623783981
7.320021114910343
6.814904608377149
6.537235208621517
8.477213679631884
14.5896632407946
14.282727870941264
8.670544999758459
10.969516513213545
17.49380924756452
14.355117178222072
9.82333251877486
10.283072891533362
12.640791967122231
13.558184902069751
20.78731238085456
127.36991801264608
13.977336893015238
14.03179726937036
13.16290906966789
17.770394234023893
16.34704061490785
16.9818544319222
12.453530120114982
12.57887131017478
12.259251718398591
12.323093346523057
10.686728703190951
11.856608299221469
9.506762629517468
53.69137050437364
17.680062437281705
8.422101341314875
12.47129860996319
14.393353831461845
11.084393477962951
20.621827263174378
10.815634340160239
49.20035175089167
14.347620214592828
17.997296725978273
11.266534253814172
7.9280931056923665
6.256482309667577
7.810408716407499
5.619803509433844
6.560615561739832
6.532852890997492
5.800125195879648
6.072927898191296
6.367404019654746
8.201672156882234
6.968702910930488
9.197647335923422
11.971667017677229
20.637278281477617
86.51023250166361
12.971147069715366
10.707153554477602
9.930320243057821
13.58764606766053
78.33738491367068
91.39828978476154
42.60107023714512
15.765662122318641
18.747763947728505
38.813005255812925
29.045929298088943
16.347128241448587
15.314954372895393
70.67582850284194
30.608934227317356
21.710318847625185
17.066930626991425
16.359223676498452
19.437936643253256
8.554809382713739
19.86659953100927
14.853680244637252
15.125958917570452
12.575074241716926
11.282648315085904
13.061769542879611
10.1233849466678
12.08281273489718
8.374069219776342
15.85959497840026
9.703283925550563
9.557138876282192
12.559903127127198
