25.335280052002663
24.09411422675455
33.08020799606368
23.030416886266636
19.536229729954524
17.96944902454407
13.902373130020797
17.323342616595347
14.378640075741659
12.436317231103565
25.049374826215434
11.164331964821184
10.532816713532213
11.521796267316496
16.319190458891498
13.315713236863495
14.482804918245828
9.790825405370343
10.278625473690402
15.490270637624203
11.127570409101878
14.244439878500026
12.336442655672
20.91847924813038
16.04873260149094
10.46803979781136
13.675781007561074
74.03248289899828
88.82420450403079
16.387718030855837
16.426350713654625
22.919641908314542
15.99372794274237
13.710848470155458
15.077005544240619
24.38892834501475
11.608923736473082
12.260059182670245
12.072728493001405
7.23418491585836
5.94443359023937
7.5518866096910555
6.782691541988505
6.356918079946459
6.068421131830399
7.568376018990385
9.485447687370138
16.8286636203367
53.072784484020715
22.90616628934957
30.598002270321995
78.58348420663589
86.48831191401132
57.675452626653694
30.404028299412484
13.327000682082755
11.111281721497836
28.61877174772813
9.172334170290645
10.470726484111534
11.676173784850956
16.35324570211229
18.911089386317823
25.76249789290741
12.51849008070084
25.985767390605155
14.226125146744266
15.313336176062124
14.222723429589216
28.869439263542358
10.64662463613865
11.333560731720244
16.031574278869712
12.821786224694858
18.716973998492993
24.701422373017984
15.495193909968862
18.809826589996725
18.801631996618354
10.202092758426454
8.5019126844649
7.940413983324611
14.080762619037476
13.916971330644103
15.798104064126267
27.780413120070868
38.81807226554883
18.81965900544583
29.047667597698048
15.329362200129921
9.557355508776565
16.369678142382362
12.348250091255279
11.242688721905703
9.05763068840914
12.816884816917375
14.600489946221524
13.607569916951595
9.500893820605059
17.66243751551659
45.06224107558272
10.9830335857084
15.735531461318478
26.02642626029943
14.78534467866765
42.99952772745404
14.9518798439554
22.04266167306672
16.204379114313458
45.64722465765687
37.12028128174512
27.28941072418739
18.031655969468165
14.818341007171009
13.924272327758539
11.48599354282547
16.15358189976096
9.796562502712575
9.97471902203324
10.681831773762356
11.62456992870038
11.754828159052837
17.660458830651688
18.72046551483895
20.041092073188796
18.32971239405536
41.312548278884115
47.977033881306525
16.898562622340172
27.279750287589227
13.740160382412089
21.26424206751655
20.70959413219598
8.763639554171895
7.345967949945374
8.672456504347839
6.945156037328127
6.858878500404254
6.5621762209286265
7.332921072271282
6.649886211048187
6.176237036760391
7.20259017438597
6.7913018416015785
6.380191452900081
9.324370839963589
15.642462200798311
14.66807096719327
8.607055818808103
11.531835920853837
17.113069429648192
12.279985265210401
9.80148411970733
10.265181293696733
12.234240161964376
14.603823076128604
25.14516022051802
114.67610212349051
46.48430555575843
16.46799722354105
11.78599341571674
15.42872494920094
9.58874814349521
12.284773980678503
10.594966771575029
13.352501492187063
10.560146291088198
12.424175385508473
10.532347256785377
12.086586105562347
9.838949751441037
48.85697014044958
17.89280504173571
8.400966690901303
12.262882112795438
14.439327421889054
11.915766259654765
20.558395054054774
12.618460225397078
89.86203879857824
19.93973174302502
18.023361725673514
12.073759120465404
7.818044040471292
6.325697051852878
8.02898862816819
5.620486269840995
6.467885516636914
6.7380752858257065
5.5227819141480605
5.991654259266558
6.422153948566017
6.759944668678799
6.166172549754543
7.752056275628445
8.540945678745512
12.838244403744012
25.531303186454625
51.644534601437606
10.297542244491787
9.752532954392477
12.234884542639046
11.475542461032994
44.87316537192782
18.475372083629424
15.554357625588608
23.329873983904715
29.629034068246938
27.795384470045736
17.135986166533417
11.277687245089911
47.537552044936994
28.921999556638927
18.147454165166163
19.073973637291438
17.638224740800823
21.526819696349655
29.707732668082773
11.820357603429681
11.378968634923105
16.754751004048373
11.648393553277971
11.35407533634239
12.390777653114913
10.419303706699022
12.070653164272535
8.07734686176957
13.516259270014352
10.878996456125021
11.497712348983995
22.863904211842232
