29.68202037411484
21.349802077017817
26.372447726949616
25.975494675967216
34.43222524112155
18.224781003852314
14.621250914751215
16.147968419083174
13.033396444106502
12.716339581622913
29.13975901676691
11.211230868803613
9.728921567391644
11.168430934520087
11.262080662007557
12.669797376861428
14.199563357590335
9.722473586989702
10.313078918318395
16.112577663963354
10.596104584086646
14.405647812179957
11.285201473136297
21.06363915066658
31.23632219988958
9.776939464547867
15.316814676896108
85.31158087811473
79.65335828252866
18.520754306055668
16.139025285921434
23.20769794930774
18.399736073213663
15.471239619615261
15.430451741673616
24.023141789125273
11.003612966608225
13.369551395626525
12.243015381156814
7.376679913856204
5.80938949407643
7.272675510299525
6.950948683918348
6.679824479314147
6.087058793527425
8.082709712309235
8.478870054981146
15.446885602332193
14.987450673236836
67.1766737945368
21.807094436299852
72.68909421009722
32.31722178390553
71.21346660043002
27.163893652137
27.299041416264757
18.942853157320673
24.23855320386374
11.186769231715347
13.097129377006903
12.537560773366218
19.199173041202073
19.376047516214083
18.601060293063924
9.754181589897804
28.580094784895902
14.91026670705885
13.792623743472399
12.53285588997195
37.42234395231189
16.4607771078481
13.978299894864238
16.532399150865736
12.78411054671579
19.09007248916697
22.259549032221578
15.285109057926356
18.64101573552927
23.716775116702756
9.736409818718279
9.028747108018582
7.76037625514929
14.793500112579974
13.425663261124605
13.357410598546437
22.42220644665331
18.58594178974498
20.30811201765191
28.945050821955814
14.69647187485985
8.801101651495278
14.721887703564418
11.718893516326219
10.839566204872977
8.995775031359848
13.472102235948702
14.52721617590292
13.797821265107777
8.674487785272053
10.35714504457294
12.658429386229242
8.842062734511932
10.776285269380747
25.34492777512272
30.11942105091535
28.689797323581235
23.86686233416352
22.29252612447081
15.48960036707037
34.81575165765878
23.12772660388826
27.202037224248542
16.992766272824834
13.606751791106262
12.669951819916264
10.98197693777393
14.412377686706558
10.964728911487057
10.084285064396123
10.405068697813793
11.9477428612043
12.279194561400807
19.576469761974202
23.32393781003148
15.93461717415966
31.24618050575504
54.6730922886443
29.11202436060993
15.632716691665237
23.539218872293155
15.386451130554272
23.899372203912364
15.215996268015292
8.814843577457797
7.536526125054165
8.763461354133621
6.566599302457725
7.242813523997954
7.807419387401603
6.798248742734864
6.662713653372281
6.3662843533571785
7.817404190938292
6.543245304313428
6.424537837698824
9.174544451840069
15.096565700895757
14.477768180730385
8.818354349918765
11.41317327991562
16.704164322393364
11.525653891613672
9.72717643756824
10.247611109367266
12.412078716298323
14.923702764290633
21.78116019305668
111.81013019379515
14.263833228616148
14.66973256098017
12.447418500320419
16.07110411135969
10.659807236464648
12.087251989992323
10.362699640055254
14.771898044427148
11.915316534755823
11.901291563771665
10.363268467885124
11.784706049122889
9.83138561882452
81.33060038464728
17.64416956363225
8.265388978621198
12.422245604392108
13.833369873342198
11.819350829574836
20.044438477588077
12.621900386091642
90.57824535544037
15.805391700705494
18.64921068882955
12.002226539085676
7.751183179632249
6.48123739555345
7.677578599922995
5.743239510203736
6.42187129704284
6.814350470416474
5.573445228631564
5.843727254318034
6.71937984941302
7.444270079907455
6.723365697587465
9.340231622361346
9.34820432742064
12.029151305633546
20.005409485876108
63.36839328709725
10.907769493065338
9.920748694090394
13.200935757851914
11.291904353340907
44.694142061950345
35.49812814752949
16.563882228649483
18.606783484186487
31.633592594087414
29.471686442003136
17.210187084923117
10.327974256125728
67.4296310137888
29.582043269368807
15.827809443416848
21.138936712648654
15.855346871693207
22.429379319914823
25.509939829763695
23.31192500148216
14.1031586294218
16.19004435043222
12.832190954625863
10.403491289137136
12.986426080580182
10.748847358135558
12.17081383036519
8.350595626729843
14.184399410839168
9.881062468607157
9.510390198734102
11.77982361342261
