28.326152314286272
28.908304275875082
26.985353733344667
23.248961816705705
20.049534757154138
16.77930313372993
13.521008277543888
17.154161727647164
12.213683434984636
10.349486997257442
21.697375390281373
10.932830195128243
9.971467792358599
11.913238127062003
16.636089545810506
13.910902096105085
15.880202635449374
9.838999760867733
10.244371935135863
14.853910537890533
10.785300411199161
14.065715763904526
11.104136301210612
18.902415501109818
24.970089432856266
9.913155297589702
13.207987354403889
102.85587402329568
71.19978351846571
16.0355993611373
16.369615349843208
24.218243628147025
11.77147892633584
12.411035282449227
14.982286650133469
23.547697507101464
10.34117793452431
12.332558681885525
11.97407987058094
7.461331511994827
5.73201366039388
7.6821574141139415
6.187519317369099
6.29039960935174
6.293642822192772
7.534577089141954
11.632435589334088
14.384692056648069
33.11922924200119
42.031817770456264
36.09031924511786
48.9851356264166
40.1384309977209
68.80548159085333
37.85227429869775
16.154913252368097
14.564785074302327
24.725861508855516
11.904379702101256
13.408761915578715
11.57280521299361
18.17155377925609
19.3150496818132
25.8287500214493
15.755453000433691
26.282289565734104
12.72426132710673
14.16669141940634
12.971904296611383
44.17253707705178
10.793788341206472
10.953447971707572
17.093615304410424
13.660061438246878
29.329237822438298
57.230421632893595
35.32619484513687
23.612209779143324
17.679134786661656
10.600371568177922
8.937199799829582
7.79952282619796
12.968082943565637
14.572965946843015
13.33175175975187
24.49758762911799
26.320251303765787
18.090774474997037
26.950668292125652
15.659994273463333
9.475823794848463
16.122998440190177
12.07676271595023
12.663190808489881
9.531808428431448
13.022426870317844
13.787413273104102
14.364117674593773
10.146624307772608
15.521712674858009
19.021785650464444
10.717708307474803
11.382086281376107
26.946619579262062
13.531776895831333
37.00024226510816
18.019290421290478
22.15490730195776
18.542660614390005
54.4482114457245
31.293863730623677
77.60507096058501
57.168811522291634
15.596817817757639
14.61578811302609
11.676418719980367
17.0339063407766
10.20407755435886
9.94152054487671
10.256050931213505
12.65907719049172
11.131250344220128
14.261221335788436
22.52961136800137
25.79974651067283
33.93779212506499
58.07841798222681
27.17131955013793
19.685198378207055
21.68312103693144
12.8804790971696
27.590787104268646
17.964943199289255
7.93549775001021
7.582431027818362
7.739503444806076
6.538927403083732
7.628799430553221
7.085089093491941
6.4756184590989685
6.885635432325232
6.214654936890455
7.554551777151442
6.392089177699002
6.436385365243654
10.565884578688005
16.32851385149266
13.42163925555878
8.258339947961446
10.65395488774621
16.036120989649557
12.48912143621866
9.694157987230048
10.610155179031684
13.07328167115629
16.824275737931842
22.013514423138716
103.54499405555588
17.6342137795481
15.086350516241454
17.54089786059214
23.28666858960806
37.35405808317833
13.123548413753722
14.425487506772457
13.704829622095268
12.457939034607428
11.928107371251837
12.819526609303924
12.544394123615726
9.93638474009991
37.33530972749259
18.65308360564385
8.74467296660661
12.582123047048324
14.899065407988578
11.915554526398036
21.178752736012832
11.719596768551353
67.68083252854551
22.552628362829807
17.51289016606252
12.676641826134105
7.778339148899341
6.381189671864222
8.124142944056329
5.657911967043784
6.538115363077978
6.858613047856452
5.51260607839526
6.02673640850566
6.2552711777133565
8.344080887499624
9.142964378754083
9.933483788569452
12.824068078795031
62.21621550781066
46.81444196101167
27.691993893207233
10.488793506540333
9.94595745088465
12.177882340921643
11.267766540219686
42.28280099461005
18.702738679744733
12.751302186997323
23.037895656810278
18.858812556022684
29.61584880520891
18.295175934148276
9.878766755055967
11.296095201085759
70.91542191135918
14.609792114185284
23.738105198305863
16.717009572288568
19.2761600829987
21.929377776583163
12.981899336283343
14.271849242530216
13.653012821698972
12.516776015760003
12.093536561146868
12.435308431550407
10.141130294866771
11.835130527964914
7.768308565427202
14.027279078198433
10.956061220937501
13.479471369510156
21.719227758826413
