32.86478716354862
18.09559268485636
17.731407505604956
21.05878611385821
47.05515338668358
17.40618281695563
15.088635142561813
21.371246435884395
14.905611924324056
14.422110023392166
29.277094259201913
11.622034244582917
9.687463810656713
10.909087197989948
11.528309351023573
11.96129126104859
14.49752648853063
9.755968208956114
10.21478175428939
15.291287691030712
10.270726502892506
13.771284319560054
10.596387764294105
20.773085809719436
32.585812761131145
10.688615148571559
16.59097438558275
81.36871488356282
75.2527579988865
17.06625423054394
14.283132124536888
22.37932387643576
12.992794836516174
16.781952716597026
15.1734662311597
23.69503890340551
11.177501539859076
13.01215157168479
11.467208101889614
7.572019841603842
5.898527958810085
7.6842664963286325
6.854023825965028
6.944697218750935
6.203147424573976
8.387515146522924
9.094130324371305
11.582655796914612
13.185409176552
33.50625726542486
29.45921212642527
71.63059619406457
52.95472881361662
73.30018828579104
44.35910891500108
13.912142647088256
13.272433242687814
31.35627798862327
10.920690998824508
13.740666269763693
11.382605189232127
22.582058375656786
19.377046385749146
21.550456755665504
10.269011402419517
18.24546719194021
15.065060451262042
12.5643323908884
13.367789139283952
20.485932571954436
11.159055468705116
11.179627541540627
17.212624205665463
13.443737814931591
35.830591170616984
61.097008171142654
77.42866077315108
20.281211556192453
52.831783984426814
9.950094945841649
8.710765674326012
7.855273437262581
13.800658041354207
13.75381182620928
12.993931571194437
31.98035270381525
55.18948019779864
18.06856946354032
32.99343986131685
15.947212784173598
9.601386959018235
16.430715651265903
11.574585366518585
12.221276873949094
9.395134046192199
12.962829013199483
13.874594278200531
13.831518348069253
10.257417740524648
15.950560214584884
21.446326986105454
12.077013191974434
13.192642923818926
25.014702586519963
14.60097085078129
47.43920286401612
26.504345760857714
34.395736360667755
16.07310444615211
46.15416751415196
50.993342320661476
89.65713569196139
18.242321864887113
13.16395258189378
13.089309023162812
10.888719861190483
15.026040854323782
9.522824270469187
9.752032276438435
10.642111081547633
12.232745602316898
11.83370436709211
19.232404914386542
18.584198413756756
16.395927270287658
32.79429525506892
53.495733272007605
24.68991650650845
19.24308682841672
20.819190768780995
12.134170494795121
24.412010578267722
19.08321406496028
7.942748483471573
7.713097462520671
9.067092941988555
6.6372811299296846
7.381540126502775
6.700505507127893
6.916204719836991
6.848386572064828
6.014845363409969
7.564365996920842
6.480639994465315
6.366199604908698
10.307825513047746
15.957159059746981
13.207294012167972
8.345672960574536
11.008471157067861
15.691635629827749
11.187506483485004
9.601870324705336
10.251773818691118
12.08453915459454
16.10459484714719
24.554021501961802
114.8068126149947
48.91817103078666
14.127805430992876
13.893577230093214
18.2844533003686
15.064670800107839
17.485508633472374
10.181874447534756
13.863759262688248
12.588078300809075
10.701142680057893
10.832350669555021
12.375549750962412
9.82461051464312
67.2994923778657
20.12802729410177
8.333640937346583
13.465562055046489
14.37543226087143
29.697489278091712
20.349253207038178
11.548104263919413
66.09738921252462
26.569172806554032
17.39692875245907
13.285799534404902
7.466096234714736
6.798834627098189
7.421204932592537
5.795044071010895
6.36582356660409
6.517502653461573
5.57577765855936
6.2717676462960394
6.408668204786809
6.893652916204619
6.487876441407624
7.71128095074748
9.692550847661748
11.60585908469246
21.350195953549065
37.97270195752991
10.743434922756888
10.350986998789317
14.764598925603217
11.342742695759526
44.16016081295309
30.15207356110274
15.391749687524467
25.019085260862393
74.614244372097
30.833563309446053
22.73658372660845
10.400351652106353
11.712216351149554
58.07943730016715
12.288485756938211
21.27156270335294
16.34728091332712
15.652309530268209
25.462626406949134
64.32932813852601
23.754646325688118
13.432160877241147
11.613399350769601
10.956633112951648
12.257700293412473
10.173464892978794
11.703155789222965
8.155055940345576
14.608399639829585
10.167507440842606
10.523461063849284
19.365975875142567
