74.75161830797917
28.741209997083356
63.21303171060857
18.73965390529613
11.63804997827198
12.045932575700487
13.071713721240615
9.278026646670778
11.1103658853191
19.34420624873406
29.436312899510057
38.7995287979678
10.451077225412323
10.942856609960563
17.493778153947424
18.039204255158847
8.771045426008017
10.428056144985547
15.719684823073404
9.618991602385188
11.918389848025669
11.7303215956255
97.30309646981674
12.92836002783877
11.398163502137763
9.343855802873215
30.761107703126303
80.39441840883862
25.19865931362324
11.70523830230791
18.759271463437965
12.079575639980504
11.698317808632634
13.637687382176699
20.056652161527396
70.49008069274979
10.351131440219655
8.646439831605921
7.894874855619065
6.297069347952547
5.492543594463028
7.228968760551768
5.908727203138145
6.472016104390743
6.743334677134444
8.230315432730626
13.619357007898614
21.584384199216707
35.553886143206284
28.52339095805046
64.51874610332311
61.563035032346285
58.05826582766621
91.40999453330949
46.06391892381527
18.965025958679618
17.033402128312584
11.950948319689932
11.606789072160407
13.543841491579702
19.623636726967604
18.084946475446742
20.015583938353462
15.822886903499782
23.187775956263692
11.961424145365438
12.694301956719146
12.822760860498935
13.193606806099643
84.93328339861904
8.104220049699729
73.65281399039306
11.215480279769988
18.819017424953387
80.23415265767292
48.853154240093204
20.099508593354603
16.278773228925
34.12160118850984
8.623537580895736
7.668578765680255
8.859661161270427
12.934323344416716
16.19596280095861
28.706284061259183
31.11813820912904
24.875428420320926
22.901397990299976
19.166220789137665
10.70919265376131
46.98399287782214
9.96273336681979
69.65691755949476
166.43297762954393
11.240931394281201
13.136048871368828
13.100348142263819
10.37155609634035
9.848069464522661
17.548947219856334
52.75398226227127
45.601110973125955
21.371873421439055
17.927408928632488
32.47276039490766
37.68945306255593
16.385651550650557
20.462170509591818
55.39278087742423
31.778755930973826
82.03742560489084
52.37656453477495
30.920321307792076
8.746739632739336
10.902464837177353
14.660503682855618
10.930483693209835
8.575349463380878
8.533110270089974
9.669248572041996
9.979671487472892
8.7705739797213
76.09465289691775
98.01189906551814
20.55152408260413
42.250194580915185
44.55916705315993
26.90012571295828
16.90605469264367
14.157360951609974
18.559372536758953
15.352504991093516
11.222031932824617
7.784379082904579
8.040437729372194
6.991852376691614
6.424177100568548
7.231947139362482
7.022639505171834
6.3834640487448695
7.066319878275739
6.096279041990853
8.060623597963822
5.961724620433936
6.657765141932199
14.198833668045966
16.316817656440563
7.291537833154534
9.31142757296798
16.34118956661719
11.396706819115314
16.500219213871855
10.203980005153106
11.692249743701161
14.45099181519171
14.179326054802177
56.030523297963455
89.85107856447169
12.40673075005981
11.83425213892495
12.507199694410176
45.55965819020003
11.105801434608063
14.668040693232783
12.246037594265385
9.407125889190217
10.572456698861142
10.436231633179199
10.95640231196445
9.67758628708644
10.673133961308949
14.263549468151826
16.432883974013652
9.059529679234908
14.129250275698293
16.84809813306612
14.590274668485524
19.828993642387037
55.47518997107222
21.082899901021964
18.344719885894563
15.15400089665661
9.905540446746127
7.477701239544861
6.146935400744385
6.5716650960378065
5.298731567756277
7.007577071327416
6.11186581405028
5.328844252903155
5.788718415593372
6.63762290180229
8.619066277453035
8.549815483989725
11.51803676065662
77.67105768577639
37.73955738393383
24.871807750631127
15.721372962321906
8.805082666132842
9.531291042621463
10.560359030141221
12.780441906246194
20.52566516814272
19.40205387425575
13.016846179392301
16.00415880273732
46.71207107706168
17.47404271349079
10.412805123460329
10.507447365692997
26.70956173945823
16.538504206518358
15.541236895751146
14.898556570860089
21.73081796497988
19.735232975979166
18.58328545860351
16.207753317499552
12.105801000781879
12.647522468866496
9.972252300903651
11.881041964060953
9.803992380007303
8.482580349649208
59.586891352730696
9.563243128138247
13.053496213599633
11.613610341033455
43.8279732568175
39.660669201931015
