27.8215
25.2397
26.7659
25.6901
26.6071
17.3452
14.4675
18.1819
14.1973
13.0911
26.489
11.6432
13.1305
11.7326
13.1389
12.8236
14.4634
9.74812
10.2843
15.5303
10.6837
14.2195
11.064
20.0116
24.9702
10.3046
15.0208
85.9604
65.8229
17.3264
15.5331
22.4667
15.0986
14.1498
15.2244
23.6996
11.0125
12.7714
12.0921
7.52067
5.8594
7.40773
6.92386
6.95556
6.23531
7.90162
9.61475
13.2228
20.1225
49.8296
34.7066
57.4648
51.3115
72.2062
38.9476
19.3037
13.9315
25.072
10.9322
13.0415
11.8786
20.0228
19.3555
22.5191
11.915
27.2482
14.9398
41.1799
20.008
32.3292
13.6253
13.0559
16.5232
13.0888
24.9398
37.1622
34.5504
19.9315
26.3578
9.89033
8.78465
7.72079
13.9624
13.4721
14.2368
26.9079
38.2387
18.516
28.3849
16.8095
9.35589
15.3762
12.3281
11.6439
9.24574
13.1552
14.2934
14.1869
9.78301
13.1005
19.5762
10.895
12.8422
26.684
16.53
39.3421
21.4545
25.5552
16.4378
46.0266
29.5964
58.9145
21.8471
14.0526
13.4682
11.1735
15.2267
10.0626
9.91892
10.5173
12.2193
11.6797
15.2127
18.4433
26.2948
25.8732
41.5546
28.2226
16.709
23.5948
13.168
23.3926
16.5653
8.126
7.51103
8.31597
6.60998
7.4064
6.86347
6.57112
6.80858
6.1744
7.47344
6.62205
6.40631
9.52713
15.445
14.0444
8.47512
11.2621
16.5782
12.099
9.74077
10.2946
12.5144
15.041
23.1536
115.226
25.5133
14.5556
13.4979
17.3458
19.1801
13.9466
11.5807
13.507
11.9483
11.7639
11.3957
12.1623
9.87985
58.6796
18.0832
8.47592
12.5288
14.3394
13.687
20.4826
11.7999
66.8108
18.3481
17.91
12.1022
7.76181
6.37885
7.79584
5.6776
6.49898
6.75487
5.60286
6.01649
6.46167
7.48208
6.98028
8.69433
9.97158
18.2421
38.218
32.5293
10.8101
9.80202
13.2951
18.5558
60.104
28.3854
14.4633
21.332
30.9536
28.3109
18.1338
11.4353
26.5263
50.2944
15.4325
20.7342
17.1303
25.2741
20.126
31.9008
16.6919
15.4791
12.3593
11.1097
12.8558
10.2563
11.8695
8.1357
14.2924
10.2747
10.8031
16.1854
