52.85164836148048
20.65178440556429
62.69717958008638
36.56565095576458
13.362860816434061
12.909400660031586
14.019784156816783
10.328667354219736
15.43664858506869
34.499476545016556
23.84374166596783
35.577739316911654
9.657164035193698
10.065293794843848
14.605761097097785
14.36653353615775
8.394798121519338
10.145910921414522
16.075123438821798
10.390228680812964
11.919036010135134
11.032317408992514
75.15036101119681
28.993070715341297
15.770753532060226
10.705148198730798
23.51339723049138
65.85765265518496
26.40491923151211
12.771327402317048
16.66618550922815
13.1828904748805
11.30390925535451
13.245719596285662
19.834724303953585
81.9499270240615
9.920059432880217
11.908704823741624
7.864556222442243
6.761371290928947
5.645924311380147
7.484607648603316
7.063891187333972
8.322464443566846
6.90080583131768
8.273637906652956
8.358418484786851
12.630180542169445
61.73085187295166
17.10515235556792
23.082803746504567
26.48044645785031
68.04515682982253
106.5276462026597
20.78236019398427
27.172691621059226
16.441666602704075
15.68383165783484
10.765083285588153
15.176027266846427
34.12253238082152
24.716421146509386
25.685315485566154
54.072497529043616
12.854482584383568
87.89346149308935
70.9062342512812
56.502778185152785
21.13234859039837
30.250067156581295
8.25934646569213
33.07057864998002
11.454195703282759
15.688802530989689
69.0916247774851
45.18633568062805
32.24630639152412
16.564907066783032
41.06040958198736
8.294685756728171
7.268144602312257
8.562974240488124
11.802617134353637
17.523696429723355
22.647561761261656
19.217612648742517
17.247983370175564
23.140455317994103
18.43214088497986
10.718559283459994
72.82492656705692
9.154433372221748
86.0850981191851
164.43426215041322
11.088338571714468
13.620716294470316
12.448466944539513
8.809904114052257
10.149418977671253
10.925934203759379
31.315329630003045
44.25254227911743
21.92436960790408
78.38226210493556
91.68630544353984
86.56685616422841
59.38576124550691
19.22973908240443
61.67683964585154
23.39718166981897
66.29111343055158
30.59734951868125
13.697687661030725
9.106900515612686
9.809598622319646
13.733969896209116
10.935275036334872
8.495466130030465
8.285599339709746
9.646872921546409
9.476056841280363
11.197022108487744
16.64514373329201
10.769542209569876
14.518405611793508
16.920041925830233
16.81099805310311
52.19960142276402
13.111096228519612
11.457398112056364
23.68743523974969
20.45681166291433
12.378153398493948
7.809799359048936
7.894817628485949
6.762589070320352
6.195488620276216
6.925684158913385
7.274607981456531
6.583087481392688
7.376089951002339
6.225786342089243
8.268508836016187
6.141968210296606
6.694635749895273
12.820175331335788
16.211400764145008
7.820092423226519
9.755616999936755
17.428068499389095
11.699844602264301
8.33603229509237
10.220760705408583
11.279188824769992
13.731788916824387
12.805213580796229
52.3781181740976
78.91264196792257
12.182369454815793
13.859283518578676
10.982062319020294
15.977037769582138
11.97855426362028
15.157256939982895
11.503006409964424
9.915104629634888
10.803540493740472
10.23692415336368
12.803961706420875
10.106520137404575
10.45159019114851
13.244227931908815
20.669968623450405
9.065986290627931
13.872056127068783
16.0823092385022
14.61541209256825
25.012371852049824
63.11989379121666
17.982379330466436
15.1423344059191
16.581094135452023
7.4817249311524305
7.4189294481048655
6.064963198484646
6.629264512862629
5.248199005979719
6.830815979738959
5.866580583003325
5.413514004307032
5.850767490194649
6.281106373033204
6.242298412087637
6.358196063828294
9.829203295346144
10.150172162633503
13.151447156221291
22.761298067534145
9.100167742245272
9.404460872860165
11.598895302747067
15.968392252051164
69.03330509907137
65.64553071954087
26.51857492099588
13.620965519856444
32.64136998732714
28.34925386083142
13.713523717248211
13.545197152508665
10.72603845930641
19.751254489334602
19.539973864201876
13.482289381691409
15.64202711950393
19.138387748008626
11.004530183116499
7.863206533640039
34.348933240070174
13.557229411852804
13.168247824449594
9.579853891484186
12.059724112693669
9.447917115262225
8.815313197313102
68.0624406300458
10.280433169742201
12.27870147681634
10.229917470295836
17.18225197163622
25.601673236026258
