21.532263798219546
28.620219515618913
21.560426570832533
21.268789815615246
19.621252954025287
16.826208684826483
14.437160699921964
17.408466342438587
14.565594016163082
14.603111498762374
27.584404887781304
11.40666382865693
9.810072868064418
10.94142734031711
10.984638314370834
11.420476736364552
14.39914846867115
9.720266747755074
10.275868474342191
15.264942366649011
9.99073897925581
13.146544507618344
10.211204399092855
18.302750655711254
28.24020715888341
9.947088731502209
16.95245473528935
66.19313132755262
59.08573011289583
19.559384149793583
11.888727797608542
20.228066355134327
12.201208064167334
12.304331959070334
14.257385773775464
23.555874288136835
10.733092149887408
12.139035015364799
12.014664362926977
7.961024012449501
5.910117871506689
7.316776355940105
7.37883280848681
7.334185299874334
6.088262996341408
8.0182471589709
10.492594753958999
14.916879557598659
12.70940163088464
73.48445565583953
50.78805231907844
65.01022656759446
53.19700233896189
73.00817432407511
22.788326658205115
14.45774985586732
12.499112977391169
21.696669223748152
9.548607569929914
11.467891477882096
11.489989061997365
15.661257528982087
18.02422107785889
21.62259881623326
8.907202008585283
16.05735167670708
11.785533758575475
12.86880089199361
28.42313678681948
23.484082703283796
13.69664173758254
14.834991508334872
17.073609935176652
13.818472938890274
34.63155449827751
56.95198773194876
66.4322054232503
21.608105024733394
42.10908367352417
10.087568594717627
9.049063279567704
7.741930844618903
14.51789917043981
13.421179561242795
14.704363599832465
25.482943522883605
43.23580738411852
18.010661866339053
26.57002817048069
19.703271045090027
9.602921213568845
14.618292830555285
12.543975042470128
11.785628205423649
9.30237092136382
13.087189684957341
13.665569804901468
13.368420742393358
10.452595416728137
12.738035410739325
17.08890332108154
11.240332824991961
12.918386144943502
28.597907407722165
16.73510592534655
29.7664172093541
17.60434307330251
29.712955590969404
16.825302276988907
50.33413232942969
25.966375321808727
66.4274390414107
22.008616031372654
14.194029944831115
12.60236283743195
10.509741883835645
13.239608328404069
10.151939895881622
10.14053122642823
10.515249752362973
12.708697227108816
11.869650896314354
12.046109239807542
17.370718130743192
27.446052288273485
30.348517236147824
55.81307050031663
29.9611284918509
18.700725139674756
21.369889388133767
9.223626029919446
15.782877376733786
15.954280571959263
7.492386366742542
7.772003003716502
7.288916941297224
6.498166185987325
7.672457385247452
6.656551991497681
6.39701870247206
6.86009446558649
6.293389161162053
7.620082118809292
6.491355025774458
6.468920494244038
10.419947726372168
16.479941219497643
14.037446518372947
8.543904753453205
11.965931054568017
16.122622565618446
11.8177460026827
9.838625397831354
10.133001455281473
12.273641817120707
14.604343792182597
19.714407082326915
113.897161854708
14.266594265771467
14.41115854286415
15.100390977125185
16.24594300424184
26.87070371560727
14.61657274110139
11.119132107174178
12.09630163892294
12.640836220548419
11.213967182687316
13.529247187893526
11.869375288963168
9.513701596480516
70.27219711562886
16.089873547704943
8.138254509425744
12.545815013034671
13.727990538811204
10.323498219640042
20.12459877932497
10.15246217886637
17.137346623754432
14.87169727964294
18.072679422552714
11.127771411038434
7.84366122445922
6.2392610596297
7.807664999330959
5.639764985378499
6.630557662417612
6.852849061785848
5.514439562966727
5.938050577533912
6.193603069065706
6.5834671191918455
6.446122331158006
7.278518430612376
10.16106727264681
13.161001687526891
37.85520081052884
53.363884993195974
11.377026805608255
9.852675725323119
13.522564170773512
11.589668673113644
54.66837044670538
22.642076412237067
13.240945044945347
19.636026468261484
13.40185783213546
21.4566153586917
18.11323793967628
9.723908232370757
10.66346586977445
85.91823645925233
12.40617462736349
23.405940497534036
16.40560166425137
20.622094665083736
20.899705472576528
18.882931519081556
11.843433055707973
14.814999134777766
12.516408948285328
11.437910665087065
12.594591200898032
9.94654412886263
12.132796627550983
8.405284104381716
15.160991848445187
9.931417706529025
10.022795328060647
15.057992866799541
