19.533560348156094
21.42442849888723
33.38781747704719
48.34283294896319
24.854773523888117
17.64214999735995
13.870649164324993
19.650778465279416
13.407550368231767
13.276001870096824
30.12883403123026
11.478084470725486
9.80547774779322
11.292018595320807
11.569668364973543
13.11435966945306
14.313218737515486
9.73710375844371
10.307318850157776
15.829518006140479
10.902574634311534
14.3969522591606
10.425064471576485
20.189824947671248
30.628144443316494
11.187928063084964
16.136832217864317
97.84265811094768
82.27030237090128
18.886507942862966
15.662656906130374
23.73774188400913
14.90162861267642
12.877147445111204
15.268388179830287
23.19058331662566
10.836134448436644
12.945705833762979
12.878695078627546
8.062661849190473
5.902494954031915
7.170750958575119
7.563164174311508
7.357711546720847
5.939009398736959
8.884432577310497
7.9959714257588255
11.42741778446793
16.920490556668597
54.97393908649434
57.52635454012525
71.02134899457026
50.96635518209993
82.97945175285363
58.12178808940013
18.88004501877477
12.86883741977483
27.51089568820836
11.634982264423382
14.32519417889758
11.391806874064784
21.400388634098338
18.895995945638006
25.65771216172589
13.248460038646028
24.285810516998982
15.555113946836824
73.30375260988863
12.730167008759098
37.86546748097457
16.84474060873244
12.562103591326194
15.548571474804906
12.81107336494211
19.891340248635203
25.17043959708727
14.737674888615233
18.49321652634815
17.20820630341429
9.145184802210998
8.035953052151433
7.675454176032644
13.623296465828396
13.22635452137928
13.17888570092079
22.96284108796645
23.905210947713854
18.134320368499914
27.068891959103293
15.395261918327467
9.834372059747217
17.09972985488593
12.670203139218568
11.889023037403884
9.266777031113348
13.218121244549392
15.275192715768652
14.86540854498792
10.445092001835215
13.22657216750783
17.344411803242412
13.033868771273394
14.825812886495854
28.52839277617881
14.265631321034391
38.526616505362654
16.85059948417836
21.377926663739732
16.38726114841308
43.72034295471075
24.495720010979838
70.5759315852222
16.063086509859602
13.997819446674708
13.459118793809285
11.050205202667867
13.85532440658653
9.956378681595224
9.639085498956442
10.272050137534217
12.011079789781302
11.76944191737024
10.449789766658258
16.53819994299311
28.139080985893113
36.13486798273795
55.76179156014401
27.731949642896616
19.390731728748992
22.812080010788943
11.934238812165944
28.506451206975388
15.446221519604576
7.591395570797736
7.986375895483539
7.989231731249532
6.512212358476063
7.436670653055144
6.371637127951263
6.613994865201975
6.648656080226252
6.182058589527104
7.222970738247458
6.639825611601996
6.370757856278643
9.8644793237334
15.585850236639669
14.021265766856835
8.368489515433462
11.451124819992588
16.224759858338846
11.62256835072034
9.687664064649644
10.107292562419168
12.727424323995542
15.8527127759602
25.77645485730827
110.46497715818602
18.288626667462253
15.889305853543847
13.629239748608084
19.58575885652947
43.83802144778329
15.459465062225314
13.617054261974669
13.438867918938756
11.592783351761849
11.603289020214627
10.870415867712586
11.839878847106531
9.845417735156625
67.20011329245528
16.935920944226442
8.398572549678057
12.265808556340321
13.819784388015169
11.332627786876683
19.747097049907207
12.808740586440225
90.77872211375264
14.721858011574172
17.843876164100166
11.681208559825604
7.746778569796139
6.3047913754052045
7.67774067193365
5.667045043652589
6.682781994885194
6.7211753358453405
5.654400648457555
5.801481805978554
6.801079206631539
6.871485277568005
6.167513364011777
7.606047841901182
8.537240981260796
10.368748133324676
12.776180383363622
14.123546013691982
11.990297050232202
9.70614282931636
14.14627932982136
12.283945244388697
53.796034008666744
31.076467166620024
13.003322846817824
23.06423633756063
24.50356881775104
31.37265701673712
19.73092123063644
9.927693407625743
11.392486900657094
76.14535600798153
12.32706656111492
23.839122740516796
18.170186557680793
16.977410936672534
21.702726573562835
64.95084398495699
25.791134028135286
17.678837585731742
12.334898306177458
10.325875864462647
13.599330083172115
10.454635402522154
11.807881128639341
8.056263641029254
13.530950460806944
10.487346597500023
10.41509990495975
15.580727887284155
