30.26149321492257
21.74617469829307
60.032949606103855
18.367904108291096
11.831726269016809
12.739384979137714
13.946075178562095
9.860120662579776
13.39197645796572
30.950316571165427
21.858927498020552
41.45244496658294
9.103871359356898
8.945206461643522
14.97945239840378
13.607742395411023
8.258724915556547
10.129398711361008
15.984484096101314
9.581624422830558
11.734230944410488
10.443504571600469
82.4136100588256
15.28862432490433
12.298990178324607
11.297402280150044
21.44794220118644
66.0760328666546
27.397404299205107
12.566360592676094
12.975456404502149
12.285488758532038
10.772702688273943
12.603128408613841
19.440877944171262
73.76767187227397
10.46717781232557
9.468195092555757
7.9277104218288805
7.042829511361112
5.609409210655069
7.245252804960541
6.785310189178487
7.112446814568175
6.328817946010094
8.734479981826444
12.326330716265497
17.220898022868333
15.079250406153179
60.92231518392796
36.7025335069909
50.35684277353752
42.29426304673294
65.81990442908683
28.97464574042694
14.54740463746977
16.033206205463053
11.196247505002919
9.189881763367138
12.445144525087834
18.008484702485976
16.84221036511386
20.027639000917915
11.138443182129825
9.993768053305153
13.55605740366904
11.233105414783953
26.961022089398924
20.135028203842342
49.008484946840355
8.42655312371622
58.06681569327454
11.760249465333354
16.21354515307454
73.76201959548776
42.479623785547815
29.05036958487162
40.313867117114825
74.68871415777568
8.542175295721773
7.169378081331492
9.281213361600196
12.24495700461492
20.093129374068127
39.30380024172604
47.51934716806835
41.97058720165745
23.281824480992615
24.56411934129183
10.195430587875558
48.404618428384204
9.852157929081223
59.99574391755977
169.35337579544012
10.880036074625778
13.562448010373162
12.203534368527764
9.62079087086795
10.889028679264488
10.949509590072429
40.31572940659732
41.40225595430411
23.56937286761209
75.28252565310223
85.91039401974128
79.80535194004457
56.470333236689925
20.29001736610966
59.479646863530334
20.99345933937446
67.03043575360546
44.51588879913632
16.362597679074593
9.063535010117658
8.426186806154059
10.910599276779314
11.38625745909437
8.535758294249284
8.884694257215807
9.982027838721914
9.837899584876832
8.974716653340566
96.51767494951838
108.6354078230809
21.174912984346044
45.7231558229073
42.48469345682555
29.877692493880893
19.149784149141325
11.570116210282398
12.829045489670005
12.443598434422238
9.66620236798713
7.176602484737404
8.221550506840241
6.680549682197988
6.182809295388977
7.249333914144447
6.55072876893466
6.3200804418149845
7.148476855643186
6.168769536713912
8.002728214293523
6.031330370077673
6.899361746548212
14.802805685916413
17.082474234424392
7.741546924378793
10.050326259191666
17.290427665050796
11.568233188358853
7.888874071709615
10.21326145814295
11.002944394907452
13.495150484461083
12.73716124070852
44.49306346788142
72.14891482300668
11.216146356167744
12.349607882093872
10.727008983458676
29.214411115962815
14.01426633512093
13.240542024377033
9.956623142238703
9.47134113441992
10.567416505687966
10.129609500293173
10.429367319648279
9.240222386421522
11.067197181373285
13.146174445928562
18.069066164806863
8.64091405282216
14.493967874876828
15.028798551754074
13.369540307127437
17.173747716282612
10.855450555584712
16.83392664069562
15.077369995627365
16.69465415917999
7.877265507083127
7.610435366421519
6.08372639179918
6.4938776362464505
5.298598728475299
7.104353741777854
6.019124898406984
5.281329207403262
5.720990711438596
6.2630013784164635
6.507395419447888
6.257913734416952
7.842525788576952
13.335605645314045
26.230842444268134
44.71891547306098
25.983397869457054
9.323375196820162
10.581921876361186
11.483760504627384
25.63122636127811
25.286414557443834
19.820214347912
11.657828201010867
11.308460118610189
39.14044555269015
17.461068523189567
8.789609371235953
8.984136395512158
24.79229849410206
15.453099287599533
14.914077250177543
14.04367235179061
18.580496743653
19.40335559964848
20.60397805201678
14.901953770472346
12.863317993147728
13.281150704159339
9.829549297019945
11.974288469266643
9.3858351825149
8.94624854518717
87.9611186041443
10.380934258701007
12.318614497265703
10.86178044797327
18.102840617795895
42.80243999841116
