4.33856
2.91532
1.7544
1.20739
1.24776
0.861619
0.897763
0.772938
0.595345
0.652632
0.786923
0.658384
0.831084
0.949278
0.867208
1.12966
1.36956
1.69947
2.13936
1.93433
1.5473
1.10189
0.963465
0.701164
0.802196
0.914897
1.52646
2.19363
1.98121
1.91169
1.78515
1.12588
0.986345
0.896145
0.97519
1.0457
0.825826
0.62897
0.542824
0.557483
0.539821
0.528813
0.539192
0.559927
0.628963
0.659769
0.70493
0.852061
0.914438
1.01048
1.63239
2.09974
2.95429
2.37716
2.29882
1.88109
1.70793
1.96675
1.79488
1.6196
1.76073
1.67326
1.33004
1.20522
1.1923
1.35468
1.21032
1.23215
1.35079
1.16617
0.888129
0.758493
0.664274
0.725583
0.720488
0.94492
1.49388
1.32804
1.02926
0.808747
0.61025
0.621092
0.610074
0.64757
0.640068
1.06977
1.67543
1.96259
1.85458
1.17424
0.842762
0.657092
0.531327
0.482239
0.51445
0.589133
0.606681
0.562247
0.566993
0.567164
0.594586
0.810452
1.133
1.12037
1.21603
1.48818
2.10502
1.66956
1.35346
1.63312
1.31235
1.66603
1.20466
0.816949
0.660242
0.635066
0.54248
0.575851
0.530769
0.507172
0.536076
0.553272
0.632093
0.657361
0.721721
0.903559
1.19694
1.80088
1.6652
2.19038
2.23139
1.91795
1.29536
1.07852
1.00461
1.04016
0.966176
0.790668
0.777708
0.833479
0.758627
0.635191
0.650916
0.692876
0.678001
0.63363
0.671998
0.722516
0.632451
0.641618
0.724809
0.620966
0.721281
0.765764
0.781363
0.605759
0.645124
0.794512
0.987044
0.699452
0.798407
0.766349
0.972586
1.00328
0.97742
0.751788
0.632415
0.617731
0.573478
0.542361
0.508038
0.553247
0.597208
0.97181
1.21593
1.38433
1.25099
1.11647
1.3616
1.69067
1.42132
0.940193
0.747473
0.601111
0.491468
0.530384
0.552575
0.529367
0.524863
0.516143
0.492724
0.517082
0.591074
0.587847
0.623113
0.775619
0.837245
0.834158
0.770877
0.653244
0.616
0.619435
0.808438
1.21739
1.23445
1.04005
0.845152
1.13463
0.98432
1.05414
1.10996
1.46979
1.51433
1.23467
1.05528
0.849412
0.924042
0.798794
0.837661
0.873522
0.744799
0.749589
0.588526
0.5632
0.513113
0.559155
0.569193
0.7551
0.890142
0.890297
0.815064
1.05954
1.40346
2.46896
