25.987813227586518
23.99642433357413
21.583716165828193
16.49561857336056
58.011509150997114
18.457268224302844
13.61814010614206
11.997529000896186
14.731323167354555
12.086512552695067
27.896045713589366
22.45559885651637
10.4829800539582
12.629184707702933
19.97454995915553
15.466630416953535
20.71740036202698
32.199548576429876
13.189773024985382
13.344702285699425
18.218136040186987
19.120732691568644
17.406145996723772
15.717671906423973
21.37940332550194
28.505483385445082
14.629897305468596
90.03645372654965
33.287169159826774
15.78206856332999
24.27516062399538
17.765393319959035
21.336398137179206
13.999828390198894
19.063604202466927
21.742515474677173
18.13079604598228
25.19479246020028
10.400623260256245
10.689935580792515
7.458799905879402
5.682468412039498
8.53863199284965
6.393283167751796
6.91783648349269
6.294484393864256
8.191274207320818
8.538476201964919
13.577825461445224
10.446835115012773
14.311352860745652
13.864331876148984
13.929716892952685
13.474888135471915
13.165209673509317
18.741973730079263
23.574627040381014
10.591149541511678
20.498363197098918
9.472360759737834
11.040232370306414
85.11469552744688
13.128692828826285
18.697344916945738
29.475811709934316
18.596734720097956
88.34013486154893
14.151450699642233
51.052687304083996
22.17819814744208
34.38426059185271
15.285927598709279
17.183024328074726
16.849640579007488
16.19536690038769
13.852822881778348
13.707903190674148
15.86840002318897
16.57171459624833
21.425252355705794
12.223809302954407
9.631851417264807
7.615050849940979
13.520470056290861
14.425512931517902
20.60655728056716
28.56260734948236
44.6084355267164
20.582647036016805
79.52632877536142
42.25174621463694
24.84967334304955
11.594313978391863
14.904011250019325
11.173727770913331
10.243558209166562
9.487079955946436
11.969318480332326
13.647804298861654
14.2846232031892
9.424890340593565
17.517387999561404
29.068726041467517
10.775094825101348
15.838635226237685
19.066414107476625
12.968909738037222
17.358605011944547
36.32659346811791
23.32023886762208
58.62342923260017
28.748512329400633
46.82795665067772
21.320195070644605
16.445405837387728
10.697030273587249
9.847008654165634
13.258886724824956
9.468624727926919
9.43496990729622
10.691925786147818
10.596154731683702
11.015006042281072
18.122320172865663
19.149509072487312
19.2054195022359
17.197581570262226
21.818750623897408
40.78976214314829
12.334570559548576
77.65037429362381
16.332457189983455
20.95092653559721
12.86707065100235
8.42794244039111
7.403678414891307
9.23468284204065
7.253647637297703
6.9474491696440905
8.47682650723158
7.398481053151189
7.404150132799273
6.198407608097561
6.912913460844539
6.071572526215343
6.350142654515724
11.66947144525137
15.83120205554764
15.175625101028674
7.875897684597438
11.871034586157434
16.474831577828525
9.82736799895839
11.404988818727933
12.34668850099486
11.79355838337931
15.946270875250502
20.344493262087713
94.24631216396678
20.359171209226492
14.104272118410986
15.254078546656611
20.9358612835769
9.687037471807296
16.631729040247063
12.396003120881494
12.672853979621832
12.19281913139665
12.58706851023598
10.75421782523148
10.940163934782529
9.499193776601084
43.04323934680181
20.078519716367442
13.103445849699472
42.77795543266511
15.769905466992013
20.362185116871274
27.312722270401153
19.040724928220403
18.411748033100224
27.216045254545364
11.865650553316891
12.011780270331872
7.212289451079532
8.450297406218098
6.326693323690379
5.523107134014767
6.94605390235642
7.653710753567229
6.102966116647664
5.886577135056853
6.2355378382624815
6.31997073015573
6.443058782796526
7.749011979462454
12.96607050225895
16.387519062991593
21.750029043123565
44.23785680166048
13.160178930613743
12.527153007258319
15.837420525325303
65.0989378388128
31.312692892718275
21.091867560025158
16.985136660547383
14.306747629947298
52.43344321232085
26.58471325243877
14.486775063338134
11.065567441914068
32.29465262512683
22.800194945247274
17.733376452387038
19.819928416109
17.179830154792743
22.159353350489976
15.621214584003877
8.515164018218774
12.869026104381703
13.058148571992524
14.014777634197877
13.762651854070523
12.699726949842969
10.217008296305393
12.612440259391335
10.629274305654818
12.276669128556984
7.9242477040956345
14.763191095147661
10.869581643507766
11.630382976435047
25.082703865622918
