36.965461475487665
22.160957640639
52.13760015351568
13.742702858362815
16.710435209727233
16.41803118740887
15.085523422778614
16.90796233704046
24.65511650085331
38.472200590937994
39.54002869103028
17.80721238423836
10.884397872298889
15.164400286952262
23.08945834729509
16.839717908075706
172.36741370167888
13.39112156741885
13.346175508418666
12.296977032727364
12.358741971373899
11.068041942124566
14.247143494841307
66.93176271112834
55.18265934217155
17.147500374565663
59.24903545756723
27.990889577832228
38.69344456353047
47.49887334329926
35.32803342865573
13.157293130369085
12.982498395740226
13.295956758373
14.635890163870107
17.942625000267476
161.5772820645308
15.005471395787579
13.24120488580823
11.105033151718946
7.292026334219333
5.830577469869917
8.273955582026467
6.243471330689194
6.86124894174868
6.216579398054763
7.282379642959792
10.073483453478804
14.155652812152372
10.600122267929724
15.023282264603397
15.714290044474957
16.290722378579172
13.086736050638441
15.601535759202726
22.07724129427173
20.101106270086806
12.962193122780961
10.465706249166692
13.11438400564606
11.674045770266838
14.830524630477763
18.339662760760376
38.763206963186164
38.00981254553031
75.00671718937205
23.4601684947165
57.20564937906699
71.46895800630261
22.166593524618715
27.06423363487744
8.287516647255163
86.15422653563306
12.571880176400281
19.170002101593447
150.57033916456857
14.35811850905959
14.972358680925947
13.461451836055062
37.3197310002502
8.948740217222987
13.527039647405823
8.72539620750813
12.069830998130659
13.662045715262208
30.211034714477645
79.51127474737027
113.7843959627289
46.399848646217755
86.24004527001024
29.711623074555952
15.393109991480236
56.67251231820693
8.731698806089177
17.671356258250317
169.39185028741394
10.408617521874543
15.843617741289924
13.01463031479337
13.151278387655498
12.24956018508748
18.202402857224843
41.631999679144066
23.23914432008852
14.727960795142769
24.631548688855382
12.658191833060501
41.45232049349394
13.038355655667164
51.35524919105827
29.19637408512934
77.12982763400942
28.044747829774497
16.289513320597898
7.949115324254718
8.980374726334567
10.540747175963945
12.375061028992063
8.24342236773323
8.600653862334566
9.917703943626583
9.927800109100563
12.052602189443379
19.291082534557074
16.97737493521527
59.28284454199638
16.014927695501132
16.250452984807406
34.42583675512431
17.500903382058482
21.945729045937455
20.469604867056425
29.365801085712487
11.197266985792895
12.214748446859893
7.206412956681267
9.621079671470685
8.528740919930463
9.151213510435584
9.287558082799475
7.688773403312762
9.907270849263389
6.2626612835927675
7.53403394453469
7.719519735828979
6.66484342433142
8.761405961166396
14.044183206489617
8.166571015786115
9.310072143804026
19.338330719908278
10.524900413316775
8.127014756608197
14.103246634671601
11.669776012451543
13.636310726336635
16.23685200247722
48.346026754847166
22.984902299860615
10.708929692725578
23.552987287580773
13.83584811829574
79.99967328273101
37.51218325777265
29.61188515641778
12.123835348928797
10.900688886869096
11.150751290981912
9.031535811433276
10.531436312221844
9.131111070472539
9.200133383197883
15.35444935231187
60.99837123458587
8.831110889689485
13.834294878432686
18.14578505869592
19.61819278221495
33.41689604962013
14.978636387074332
15.25066481733893
44.72658726655266
12.160648350385426
7.976826497261117
6.984872977474865
10.889054457511262
5.323825443801278
5.168561091681405
7.355764037166678
6.615124722144037
6.134877824412712
5.384751955493781
6.707096451686034
6.564491204376508
6.764894390849513
10.867520476183103
15.592176668266935
16.784330475119926
41.79256855123025
15.529327985418549
11.759814399840254
15.321810016734771
34.77773035521641
29.470459862755412
35.73663269897321
77.35987130935247
56.89247842530454
75.49433259819041
38.30041558853446
71.9403004353878
29.517156856031505
13.09399406686976
19.859752448730585
79.00547377864103
35.72489496649649
23.346447917848405
74.97576796485811
35.66751121538835
11.26505740324302
10.497503912423776
12.277650818485439
17.09368372839501
12.982300752298736
11.87986370631807
8.66484316940734
11.78096801619351
9.615847126897537
8.39505045634362
20.615903094022958
10.259197943288612
14.157028225322
10.719804046270196
156.54707661434773
32.97644393463833
