44.69439308798645
19.394161566656724
42.746757731194805
14.964946747856558
15.242522955179524
13.970422353069232
14.998030698316118
11.502141874249597
81.78576994991897
20.304351714266172
19.19080688544167
19.54029491531317
11.343229954109816
13.630474804772454
26.89493861975897
15.44694146726107
172.3544883169885
14.814824293623943
13.543155334606132
11.937864307067267
12.275399834430239
10.892323269354184
15.764704111333215
53.670188980950215
25.485619727043833
28.093150268934956
80.93358192124062
52.39024184021344
39.05634068237174
22.87065585775142
23.376067100028674
16.271404539517274
13.601944495358772
14.019939926654876
16.479266004623355
19.22342625861359
140.47685623661445
10.469557633748787
15.825981633565378
10.653645564801739
5.980466158300802
5.886641991104376
8.682138345077643
8.242294067435335
7.0586509970676765
6.489017905247007
7.942893713385253
10.305347661027756
15.983703140058068
26.607976052189414
64.70217865897462
45.71479124571585
16.75648443250598
15.2779745124367
16.893108954786733
17.967063691026286
17.95265099893108
15.717350970805082
12.218349239944388
16.564360271303492
29.803737047488454
16.16584588192969
17.685524363717096
15.965014102615655
58.20471705324102
21.1093367974638
61.69246361245815
81.33459333644072
135.43277811929514
41.35317518235626
52.542540479950794
9.237494550832137
61.46839185724695
12.077668064285122
24.498047754188878
140.35669260538847
14.517771758590833
14.56192881503333
11.759136950443319
23.800011783216185
8.791390033955686
11.67951471083182
8.701850082404656
12.90106995797398
14.441994742789209
59.72097857464973
36.48516599131404
128.3696387995781
34.40243783206575
47.752347502466215
15.130022209080005
31.002823824768477
31.25544076393054
11.224332297726303
32.419077010633025
157.2342052957136
12.016818351071887
12.28824369687607
12.712988662638619
9.68596387607012
12.13607593181048
15.013788476788042
14.29474994834483
23.04603663698418
21.092096106920067
17.80616372089325
15.651764280072197
69.30056605594739
30.04826757022319
51.46578502943905
22.325578639260826
45.61303434440479
22.84531314573748
21.355809458905146
11.32548017979904
50.98833356698037
15.934789496559834
14.684471667349861
9.355995082642314
8.259058594719335
8.606415703463998
9.766536539040933
13.661149381018456
14.063661472620604
12.120112131990942
28.07234231741104
42.190607100895086
43.1419912499053
80.42399319316107
36.15079872303584
13.982124581166321
31.237712166570294
18.465895991196106
9.503485258476948
7.428458690811315
6.663935857820767
7.278752180944864
7.017005817102613
6.490091292163431
8.404461569610385
6.548711141483511
6.78872417283873
6.329565973152052
7.045581104749425
5.878505834445199
6.318123080515909
14.653213988867932
14.944736688252611
6.817336771238734
9.092757909905012
15.837123556706302
9.010657576562485
8.153605491646196
14.34402584541633
13.336919009206902
17.03185287896862
13.354457284739055
52.79043260246461
24.344960836379236
12.315673640010626
32.538544338609455
10.996942035260142
11.730765607911945
81.39599521782951
10.910768101228394
8.609419661490797
12.498716190021309
13.610492644926246
10.215303680127775
9.676207638838248
10.593535898548495
11.450689081935558
23.449211329352096
80.97827133348189
90.30226304604425
16.4576733827395
74.1083644657927
36.21444500464742
33.98999767897283
19.973443577317777
16.90764554622807
34.75709935689577
12.511021186206833
44.335172011437194
7.049340081814977
8.886569070808452
5.52748816400035
5.365379871349517
7.2259547388473715
6.330318552454413
6.153609555375632
5.483477403663071
6.165296800852172
6.662346172383404
6.419327714887413
8.98296109397609
17.900150147260604
15.401022578139532
32.497795676142715
14.039832595895414
12.046088135272685
13.228962109452938
20.827266647133136
20.16313326647932
16.902701957790676
29.40582991031354
16.22766446364627
62.42619783177747
37.73362441808748
19.017627408378118
12.27268426623337
14.24207708260155
32.747532061026334
33.504108737831096
16.782476560927616
19.143388068486455
18.151489332222887
15.285559230005362
8.785347377593318
11.647643570599387
11.104467504295561
13.059577822966542
9.891295443872513
12.45036866501097
9.012476550762985
11.182285487319916
12.962490653608148
9.794990471021343
63.726506713375464
12.082784370178954
70.32201333779777
14.862316773007603
37.512123284037244
65.24086657689575
