22.925588327345256
29.157392517522602
29.29572448760012
61.62122504177142
21.30808148537451
11.14173059256504
16.246377656542126
12.567875927631768
16.258062690454263
34.633616610243934
33.65248215979045
18.926774154937203
10.546123989431711
19.33597279235039
23.7827670344385
14.241155738435317
155.2580130042319
28.981158058376394
21.349554392085583
14.604828706486558
17.46231898506603
11.831351471218358
15.92529042718001
73.45919190154314
33.56366611296848
14.236855766729716
71.50406630509467
32.144253539381104
47.135542531279526
25.87069177621798
17.78350420048594
13.653975868328313
14.085111735061325
13.280859391928471
22.497454030398515
19.330895823909685
157.4362612826466
13.85373174085287
11.969633314046014
9.028866601068431
6.0096255625021975
5.660043838064423
7.760757203509511
5.886580532123973
7.5979230691183925
6.362238656666688
8.730224619536967
10.13252832321042
17.153788711183026
10.935220930360757
14.567793620928468
14.025704062632924
14.361144745815645
11.892574059023762
17.066018076971275
21.662109665991107
32.654587394175614
14.002225736589693
10.93582397074132
10.725078747229038
78.28117254055198
19.68564097667643
16.04193184133848
25.342996190112242
30.991826778018524
84.96341281141443
155.71949314336229
54.89851755833872
99.55728067828606
33.6412264471135
33.82799876841342
10.291582831101763
26.977815305785384
12.680386524037269
20.412742341672637
152.85481663451586
14.547286197005068
15.549130869871739
15.795113635371731
25.650842430003564
9.249233585113465
14.772539472058906
8.495872446549964
12.27554213209153
14.915084150593799
22.628042670448863
49.38118309108201
71.04494022276192
35.548157357592416
81.59711513363786
21.964956990500784
19.201483515636607
59.79342249365132
9.451263470970677
30.359137523375647
168.01284076779436
10.91614809704035
12.2557152653116
13.221250111780604
7.926754629419988
10.985293744627747
18.931138110248618
38.12914849397053
35.18163658645993
23.164463534173734
27.109361918947204
12.920153958348466
53.74911262592008
13.871807795454936
65.72528039178385
21.353878456049525
69.89452955304934
24.277138977003048
16.959830395703058
9.561155415688864
8.279611948718003
10.773429816570335
10.903084344937346
8.363208306736837
8.299959348719737
8.799461396063087
8.590405221718305
12.037120100788554
23.599505825727427
15.219298060930589
26.31520957556483
20.290132032020193
36.238797251514946
54.182080621468714
91.61710338487988
29.142952032214648
29.513369836934668
19.175205502370325
11.910526982377759
8.090527087679733
7.168124069240132
8.88847922222567
7.0997511836396585
6.979261507956855
8.114188665760151
6.958826763317586
7.493249312979108
6.41315622528373
7.550343190341534
6.337113603210704
6.691028542544522
14.909082684074038
18.139522392580496
6.8496271264296995
9.197888785391319
15.69895271749296
9.602330192915094
7.63377232401881
14.254162654632996
11.929416183130897
14.457204184052495
13.933762752646013
56.09317314432405
24.327662754576597
11.509018391896422
22.18273085397463
14.317790805709548
18.002718217265468
16.67145576041932
13.121113906646656
10.173902341490255
10.415035681359713
10.386917080881208
10.414208394840411
9.784231482151412
9.594451365074956
10.518531579175495
18.714644942620055
44.51304721990509
52.62159569255275
38.60210553169942
60.05616396186363
52.53673739903382
34.96773747877467
34.408598896720115
17.010168347759567
39.31185333994453
12.525849742523338
10.264731656608184
6.864124766064042
8.800672793435869
5.478286866502046
5.195190497064892
7.8689230190550665
6.18278282377564
5.761805558863055
5.613280450988247
6.3409472630831845
6.263587890210297
6.572547961840928
8.270290436080145
17.06088969455637
15.006971677509465
34.90926993326234
14.733085200100142
11.644070943067051
20.688209543047467
51.579298300293125
33.39749537384898
24.24135616658956
42.543876461764306
12.740624053339959
28.994822221137994
35.87589687758454
15.104240239678289
20.045639619577113
22.72169988813123
23.788018538637548
34.841520859813485
16.289403521993524
14.787908074567191
23.546677399649987
17.079958276531926
9.26974132376185
12.018201419905504
12.592737532885106
16.653105958163426
11.815454407280072
12.053067124317282
9.474637724949183
11.410731466229974
9.957341556437768
8.467314473709328
40.542388365088726
10.68631280479892
14.949754025028186
9.93847537684494
21.512616487673043
65.2237723037888
