51.6402
23.4542
17.3184
18.3976
22.1567
20.5064
15.1601
18.105
14.4941
28.0759
26.6692
23.4316
15.9671
14.4888
15.2938
15.1884
13.5
13.8408
12.5778
12.5705
15.6505
13.8916
17.666
14.5047
20.964
35.1202
14.6469
65.7065
34.3906
26.931
33.4672
17.1303
20.7736
13.1933
17.8988
16.6251
19.3054
19.4114
10.7349
10.7927
7.80256
5.87074
8.65747
6.91927
6.80629
6.14029
7.62871
9.18316
12.2063
10.2515
15.7394
17.8935
14.1024
15.3105
13.9086
19.0649
20.02
10.4071
20.037
10.3647
10.3796
34.4231
14.0452
18.5297
28.1455
15.7296
47.3065
29.2968
47.8152
24.2305
21.4906
13.1842
14.7755
17.0839
15.6232
13.3589
13.4238
21.3291
16.2401
17.4443
11.9749
9.75579
7.91404
14.0286
14.1781
24.8928
36.9244
51.9906
30.9644
67.9442
40.5856
22.9317
13.4571
15.7243
11.7403
10.496
9.82984
12.3828
13.4792
14.0187
10.3138
17.0139
30.7712
14.9488
20.3796
18.1978
13.578
25.421
40.1713
22.0298
57.9589
30.4984
50.7997
25.6318
17.7398
11.8203
10.957
15.0601
10.0121
9.58027
10.8294
10.7114
11.6726
18.7631
18.0552
23.3591
17.2182
22.9697
28.0124
24.6071
29.0662
16.848
35.1202
15.4054
8.63793
7.13272
8.30189
7.09455
6.73884
8.6535
7.5863
8.22307
6.26432
7.07725
6.32977
6.24799
10.687
15.6367
13.6742
8.21454
11.4087
16.8557
9.88209
11.3484
13.1691
11.9995
16.1583
23.0362
95.2163
20.9822
14.8474
15.265
27.2746
17.21
39.0148
13.7465
12.9264
14.3409
13.4107
10.6338
11.5085
9.66273
42.2332
20.6905
17.692
19.417
19.5861
18.5631
28.7299
21.9909
15.3177
24.5495
12.5864
12.4693
7.17322
8.19131
6.27338
5.53071
6.85786
7.48487
6.39787
5.87084
6.24578
6.52556
6.76904
7.77356
12.8934
17.164
21.5578
43.0957
13.157
12.8633
14.8899
46.6319
22.5574
21.4222
19.9175
15.8293
36.2831
22.7164
21.5998
20.0267
26.0833
26.7549
20.5286
17.6275
19.7744
30.858
17.4204
9.11725
12.2147
11.9598
14.3568
13.0985
11.5802
10.4543
12.885
11.6335
15.3645
8.81992
39.024
15.497
14.9496
37.5682
