38.67154724325557
20.287883269745716
14.948900728204148
18.01780078850495
17.43700938422593
22.147841802104335
14.289624734631325
11.599958675400053
14.29613367102785
11.133663804685401
25.942699364403815
16.485288922274343
9.576677123399843
12.404084872838412
12.709843043502563
15.375017088338254
12.698123323805405
11.270626430728756
12.512156413544647
12.331533027512346
15.778428211273736
13.228410953760577
15.893387841328845
12.276721684251559
21.17190967784807
27.80792300946864
11.184911651875895
16.475715517181833
51.29692952687761
77.22603698519659
39.64709412312506
14.743028188985681
23.27147421601665
13.199970204833436
18.449878568460267
13.954944173573548
20.3608888057312
16.89766077386534
9.908908705203991
11.124831571274957
7.616356589045852
5.927959221311767
8.586507678850998
6.674355843539174
7.299695395953838
6.547143769641143
7.574154882911555
10.976113472257023
15.239179944814602
11.073164531986434
13.841914901560948
15.100095258242563
14.071638845015531
14.505592332333746
14.850522562107955
20.060537268331714
21.14052697001764
9.49982795384402
22.39287583325678
10.799831265478831
9.65694426586448
60.840770985586545
13.425425538521022
18.18450067261338
28.61879386569812
12.331496979756142
62.166824698840074
21.059641756623904
70.5032570152926
18.641490952310164
19.08294193407377
14.937204517875912
18.362231168218525
18.167244235269205
15.317457871785175
13.632483557876922
12.76563225757282
15.770832274470267
17.610988657247194
21.22345130735682
11.665039274498618
10.035735630631311
8.305022966112384
14.502299579918521
12.528584311668201
14.84991669984241
28.021958536128754
68.59754879975368
25.543317308530405
97.9667942681158
57.58467642087064
21.172219490879815
13.219816352508799
15.790298069628689
12.173222755350972
11.098243505426439
9.957479441075623
12.249958119467568
14.123815529615523
14.520876161596782
10.435718621573685
15.413609979384635
24.163855114888154
11.033929647550442
12.421614364449175
13.870374901246048
13.265663110898078
18.003826238360823
37.13185613771475
22.28824583000625
64.26623809555771
34.00900832146259
69.76743952339154
22.770474376949004
14.695910986289983
11.29475334198833
9.82092012596167
14.525001712621842
9.540933917180354
9.44488144382257
10.3716943624248
10.733459398437489
13.530887915540726
21.794496897339013
18.420931859214836
19.581076121406088
16.026100524867182
14.154845285022503
22.058479835667068
10.608524851863974
23.719373734901577
17.46716267882336
39.053669008089436
13.543545336863415
8.23378325301227
6.917343056044727
7.718646220594823
6.445241465247117
6.39092283730071
8.386214274762898
7.282011926718421
7.5707014415684455
6.307437070645269
6.931543435677217
6.034613313584749
6.099300810294763
11.448740890961032
14.986028066184737
13.132411146901049
8.093759309487302
12.632151500559974
15.624187091330224
9.730483342111075
11.223704568616794
12.720927384106918
11.204705869599893
15.093436813330564
16.434532434053732
72.65585511685467
13.375397527987127
16.05255635540109
19.05996592796036
25.148671988206623
30.548535016836993
95.34256775425662
18.508251471702525
14.355174463745527
16.920221766030977
14.440268145844446
10.747135138597129
11.60861691200714
9.87940341113223
43.31055229882074
31.001880567396945
32.08683800149368
49.84968791171724
16.91445897317438
19.815027856117087
41.43836648804248
23.401307534846094
43.875573844844396
32.67372338796476
18.715863178545195
13.28898778213342
7.158805836103223
7.888366294798467
6.368079169350683
5.5651367138897285
6.8765407575982
7.548171670104881
6.408437511440286
5.9637393143565225
6.374580606380475
6.467746332141668
7.1690772501323865
8.273444616472217
13.666332764395154
18.29262688415098
20.08602370603493
36.824207203697924
13.843748114221421
11.47783149735753
13.690682760256227
44.52586907687187
23.10325450818934
19.679561544221944
15.380200883160256
14.107387035014856
39.3706318042213
24.391738330734334
13.597993499811235
10.526857716355506
22.426256571762316
24.152042496621828
14.25006247000423
18.24807029641175
17.886947500617314
20.852524668941445
14.744547648730723
7.9006414559337275
11.700495497544967
10.073607026101062
14.164599668724158
14.189532523916604
11.66838633865036
10.580743075735494
13.203804915872583
12.612049201915749
15.205118396068917
10.674139906270385
74.77226016525032
25.977905900825007
13.136526708137051
72.76505084260546
