63.82527500789056
30.48010444513019
15.342476374339743
18.880956975124736
17.866771450765345
19.689062392594746
15.91395329877069
16.840869114251245
17.035068239914555
28.864627070549595
20.27277962248631
32.27159347068121
65.72838482700223
19.39658647848786
26.21090618378519
14.076859969567312
12.230434951278143
11.127922025915659
12.318820376339069
12.35391117779138
14.204871977587059
13.465135673950897
19.75918278014783
14.891478328033402
17.266414989976543
29.88883786694238
14.715196219034631
81.75289319713654
27.832801506966966
14.992565061983173
24.230279303389185
14.202789400343477
16.7783856894333
12.31356338969194
15.919877130843448
22.082381295033485
22.228772082154226
17.772840782002056
12.116266792924892
10.867545593069313
7.407379630114324
6.109616806457293
9.084130212031535
6.607902682392246
7.231296342071311
6.397903718714268
7.497496238452616
9.935182146209801
12.30666868528937
10.231486330603719
13.62667150745045
13.358371015517845
13.00843970338764
13.515910629948648
12.950539083387648
17.59748540798125
19.765994602624264
10.896567922938171
22.011322367557533
9.660567965097144
10.723396218596271
72.18273076287146
14.775592449995166
20.367481696096124
24.677340846734648
15.06226577960531
88.04634337889873
20.403786915058557
36.508014865045496
15.63208741374125
27.379757906279195
14.586021569638342
17.408072635040515
18.082619120065306
16.405876059251128
12.875837092740573
13.712629141603305
14.820406962623045
17.177740371625855
18.115387342067468
11.309547103072394
11.304189793227726
8.643204611085075
14.490491306998194
12.582717674653733
15.796300309252782
30.774704163592805
45.505977949292564
19.626649781758736
78.98041409132787
49.83057557598542
19.960417667167746
11.074535685475427
15.786541789567655
11.233818844561377
10.044288760626596
9.906526382465744
12.583612871793726
13.115717382117719
14.5300036225792
9.98677705496636
18.32015403649577
28.001072413407016
12.275651767276859
12.244413611832542
12.28484092260018
11.944339497909334
79.83969998684795
25.780862511054806
21.60686211166531
41.527668296133804
28.270199802026408
39.48704151993466
20.795740298255488
23.724390884473852
18.2516573933708
12.031376836729564
19.55330738854337
10.88170728058335
9.944913240427553
10.926031605788946
10.098388896659037
10.779857132552673
16.560106028964782
16.471242164221398
18.286272174901626
15.573604876695686
13.206446389664746
23.029447719447067
19.393756549700438
21.067045836990815
17.47994173661148
47.417896306899586
15.498937820927745
7.865465045223282
7.193693496541388
8.050932271203102
6.860073829041028
6.583335903315391
8.974640411612869
8.54760347090946
8.156508176142292
6.494261785360272
7.685053764061975
6.671136619337001
6.407031385910963
11.28350739496728
17.98679672330067
13.454724532828129
8.770483541760907
11.53679024844549
16.16594364496727
9.954342329934185
11.236637740230186
13.219606251599952
11.616038913388783
17.9295650368957
29.40002658681876
107.79954733575094
29.325078445041665
14.074979377925303
13.681539869798318
19.35836093798906
9.060771640772794
16.602805470382812
11.11926963898779
12.47031531562731
14.250287834801156
14.454717958591583
10.700020858745118
11.894347751821384
9.573088943480283
23.062021109762156
19.498406919584962
12.785477981062625
15.453384226302832
60.922051051645276
18.276149203688064
27.59106544677703
30.771892660334153
11.74348149425871
26.794881027861162
11.624161195439669
12.25762337424401
7.3680668013704
8.22973548422844
6.1239196479252085
5.5128370937410995
6.7769847281986255
6.549659007417846
6.768095960363174
5.963583809651834
6.0784531063826375
6.697112953014345
6.599299544736993
7.8060787029784064
13.121387152084655
19.901526988743242
21.73646573324246
45.43374284239157
15.120725055929936
13.04172346689714
13.206190279040756
51.91820563902865
21.610298278322297
24.288480900058307
24.721680370333356
16.121209080911346
35.00598494319518
24.01081017000381
14.744312289119387
37.488861764290256
28.910330517703393
46.991371543307416
17.703224986018096
20.593172874075698
24.09955033149916
18.911218108153463
16.506240690237814
8.691568006855512
13.415275788234593
11.999185000014947
13.166803373283575
12.138873562703155
11.478602198867915
10.20245675378604
13.059268385705566
10.86339041140513
19.576645968035635
9.876344986817491
85.8858857198926
23.97394252384133
14.405702831285563
76.92133570804036
