38.27316969283403
19.834381827419815
73.43312788197517
14.628441491395646
18.274059732112892
18.52170737884974
40.98265575158181
13.888465738757766
34.86080918079253
57.55966646001974
66.8303153025945
18.346852377714384
13.544582575777666
15.484326738542636
24.44642334818384
15.196085895392462
172.40144658069548
13.305507197471549
13.41674610572297
12.252186634664044
12.832305401509585
11.709107724001816
22.678977369798403
58.94618033365473
44.57017969747321
51.76026914289856
68.35733092160628
32.09245676083397
39.99328548273325
20.463411387090346
17.462788025584043
14.176739431997692
14.227207762881454
13.613433921127607
17.787742004005445
21.399146180858178
159.2203017510314
12.91729323191096
13.798572373880038
8.190652236007175
5.894629795473924
5.693961537639597
7.826133693738024
6.445741295332107
6.582478965215655
6.267755111294712
7.574020454760281
10.413727351209166
13.02122574511631
10.15750809443893
12.728103691333661
13.658344132192907
14.325895611818703
10.928567127181227
15.319797249258977
19.365234346176056
27.440668983508452
14.11475295897259
10.760161335884556
20.070432249124433
13.042831868614927
14.336400738849544
20.67335875150256
16.850778093969666
47.617541705434554
18.593520250524357
20.996292451699595
58.505050151316276
141.11229914227656
11.306870888197835
59.196243239160594
9.05928117220657
68.36177367235554
12.520120558651902
18.802418443336972
138.8574894652219
14.407020327770855
14.153681811428196
11.772726128615524
18.095592426940776
8.736773030433794
10.69921531305859
8.91212829003712
13.14656734976961
16.092069509612497
72.56551030665035
51.29573705075411
83.23028372211766
50.74589935629068
89.63397140251476
43.991338960164825
16.866287947670177
77.40588918249834
8.909117557738679
32.865552086543175
149.2545238531028
10.850812019665875
11.080491787737056
11.554023216839559
8.629238021822058
11.232622305815008
16.411956260643958
32.813081029339465
45.23588567756512
14.366917962944836
36.40415169948461
13.007867176430185
60.280245298248104
15.761744703586638
73.80074632781795
25.112652035375977
65.56337876786239
26.670042830237488
15.65777107381501
8.217562783252143
8.445741229556788
10.110984782196427
11.195246523415083
8.717384767028795
8.31113340285447
8.942685396524569
8.75353968502773
13.74373049806616
40.01722544020572
19.517289050027955
15.524748499180873
58.8961647615837
18.62456510468433
34.91386865272527
28.71935895170811
15.338984306053009
44.086033849115864
46.343234550383215
8.959347692478417
7.368638466808725
6.845474543238955
7.607401996051205
6.484260430370376
7.088668212963826
8.39634719932042
7.2487943617647765
9.033633348926063
6.280429515356787
7.632773429725265
6.261388871593156
6.520750861394798
15.472234599203324
16.006611780910657
6.439626395287437
8.86868696206997
15.293891091062042
8.840326139645033
7.553527509915227
14.298133096743571
12.807403839106899
14.83441426121713
16.232944496050706
84.1231205961906
36.19072118597474
10.950466026482527
27.532455813139855
45.570209216703525
11.204255026766157
28.327263377548782
15.66171736217991
9.723719295826747
11.41817637290813
9.707332520125261
10.398950500661611
10.079449227877856
9.093342735203958
9.39109609195374
12.857003759141563
71.51375554655698
8.49302258726562
13.25383059381888
16.702256299984892
16.695025732742224
36.84298240578884
13.403527893599168
16.12206760550482
32.93005868974844
10.332121641126843
8.462995802724157
6.581876918672536
7.456467020040228
5.415600668101864
5.300658267841584
7.509298399746394
6.95644451564982
6.180317642250469
5.579926047241643
6.134873973639032
6.7219218412591175
6.710487888436963
6.612581543374268
16.889929781710368
15.081497846233605
24.872431333072306
17.742647955481758
13.381529056556195
37.548935979414175
21.69880512838022
17.223647229158043
18.16271340429929
21.972778795495095
18.575602117986552
23.64307978029548
16.81892259710894
14.429266129129916
17.60286628561287
20.029076739247945
26.786158534947337
25.476161602180955
15.689777286503924
15.519390414324715
15.014429050472843
13.253247134127548
8.221831541570205
10.71777767982417
10.95798496493661
15.949762000534449
11.78973405306809
12.195011638013808
9.077046920066216
13.83119839460259
10.614787629631813
8.455139213880118
20.051693515077943
9.358222563033445
12.944827722593182
10.524748360279862
25.93364393795367
82.89888528625838
