52.0088085844392
23.438706468386638
17.872475859615204
18.749335296014177
18.559404181341083
23.133489598252982
14.52163656409734
13.229255488766585
15.145036234484026
13.046272308420097
27.553970623647178
20.961672814544173
10.093157044204531
13.38722226577055
13.278543069887755
15.859032375017613
12.570559253874567
11.25474448507965
12.55963205969187
12.433257581129281
15.174186214148705
13.150636489525112
16.648223743082863
12.676188457914343
20.155863835228114
31.998579140806996
12.727595298767628
74.04334039798846
33.50873999027927
15.636092399001033
45.68392498598145
15.631661321361229
21.2526101796103
13.275905288983349
20.44386418020119
13.808232111198288
16.449815229469493
21.36477223301327
10.447357276972802
10.30449173441325
10.017014089230974
5.973125345673183
8.809048691524413
6.84395777985126
6.564554449086767
5.918569259144993
7.115184075967884
8.840007723785389
11.03975448303605
10.111214489658547
13.472995281951215
21.052937182694098
16.111972240741636
16.829385333860348
13.790514525822097
17.934968802553122
20.72988875715077
10.361440833333068
16.884170054077714
10.128917035900828
10.088499452090359
15.127594481064442
14.103363663945242
16.421890825294106
30.56006116929231
11.518925008238055
14.781227956408
18.324293767630316
62.14338143485335
15.83951804609339
17.730953071904374
11.557462974949834
12.816958169457752
18.268227144698464
15.90905979044985
12.628467674786984
13.38112544320596
14.679809774455064
16.082871531506605
17.693767128668867
11.348381732232733
9.038231808189938
8.04029600081713
12.883957970741495
14.002666004909992
21.758060626017958
41.066867515634236
58.93495020367643
51.835623140092956
101.59438337761082
65.84220871873534
24.156425121353074
12.638929210297169
14.728286295762805
11.307714905443213
10.39426773716092
9.14322934753373
13.050954746578817
16.42099717111402
14.893367914651584
11.286378389841724
16.41064186878128
26.16121117442294
10.644958549474099
14.051206761789294
17.3770218404374
12.730694315041129
18.692107869996203
25.966894389575764
20.717597503490286
64.73035213554529
28.477571819390537
48.36723406770435
21.892134748155723
16.01149326415717
10.147882057062086
10.392209064878994
13.383357693630382
9.403115536990905
9.39344611573088
10.89073604305157
11.967617173571805
11.456059581380241
17.311732229969707
19.572128189255324
26.681526799734794
15.472314038525264
12.736026127534839
25.87534259879162
19.358277397380743
23.877628504077865
14.392607274483135
41.72298235812734
19.129322116478388
13.966781204189088
7.618872259385461
10.063057566562213
8.613658896376178
8.15697829387417
9.502621438241349
8.432790899254673
10.457235013199929
6.28815072840855
7.064175740410314
7.85670679977807
6.807679055722144
7.543994062276277
12.540264873380998
13.398825106765845
8.632695578045958
10.153854356481343
21.068774442734494
10.267086407284864
11.411920644427077
11.969695368748091
11.409556508159428
14.099685631698657
20.872913412342736
88.89430081657399
15.378257001996316
16.91328751227104
19.95105453715985
20.061052258699778
59.96335302160127
18.208691766780966
22.635853752775493
14.707205827250828
13.901542663818505
11.33768290650137
10.375779813690157
11.560838784307048
9.688259922937684
47.65552024479713
15.834833815840112
8.614230497071569
12.03761522535521
14.149128355486384
16.444292938625125
25.671475400039427
18.29736586431652
11.051991388375814
20.944134887742326
11.380599975025936
13.011190113575916
7.21275432035569
10.056292570214513
6.389687973798122
5.4506130155214905
6.690444987452441
7.476076958763351
6.332575651386033
5.812893432863751
6.556537180610609
6.609250469312009
6.634901930086396
9.299194057445089
12.836778904332398
16.33876285939723
23.44129856520849
49.526834493352695
13.123106520291492
12.092443783968587
20.90489791190659
46.89775960419593
16.91600664822935
25.61991075826311
39.251349146178974
21.143722217759628
62.567115727499896
23.482214850941507
80.05784879901499
10.742314745654895
16.101759078333945
29.264031939106797
65.63947079041031
16.508746391968
24.123099266790497
78.28048215878216
22.514013986933513
12.182066478575273
12.114625006643617
14.940008791511747
15.597176405609689
15.475100663583175
11.699440623975256
10.091944259599538
13.000813026356791
10.08488549739302
11.872610470890233
7.606449107195508
12.873653840943323
11.759463891365034
17.86748997776105
20.95901315371135
