46.78940404409337
20.127326535427272
47.42787120996279
14.981039692867663
16.021217064293417
15.48794848569502
27.67442748804977
11.54238323223979
14.700991245678768
47.89386605010229
52.83997033679828
18.576986484535425
12.806226146966903
15.032664068993501
26.732415591754318
16.56286282729557
172.19684356160812
13.433046672775426
13.610104139759544
12.454946420858871
12.180789300679864
11.339513200575814
17.656978183478586
45.70279519464579
23.116686947279092
17.19262711366725
74.02558854975578
27.00590331697428
54.08793840878777
23.87753879513504
17.914424642561574
13.910558378651588
13.584201881327598
14.350461423133135
15.498990393701678
18.08700052034989
158.17608453588772
14.506210120302462
12.56766163425641
9.139678926698624
6.342398466636315
5.794953686500599
8.082946170782254
6.093143550655317
6.819045006223422
6.177853338747487
8.940392617571094
9.031769635897449
16.0729895398625
11.03901817072354
16.49816937999845
13.528964995097605
20.557226890860697
15.5318018526913
20.8453343668615
24.92248975617362
17.380556095475452
13.159293563656192
12.408784255177927
14.562104255000031
12.626233974103569
16.728663316132984
19.950905324986195
16.51435168360933
16.897841240222558
39.084526421651226
23.300863580747286
36.99709952348859
19.46780441427234
38.45542729461346
74.39676403386972
9.123515352640604
57.97815288536322
12.6380153065544
21.77687964224298
141.42448695811416
14.053820037568777
14.312405021470255
11.926393409713594
29.85398777959598
8.735794218845205
14.529178346425345
10.087112338012684
13.297846713506852
14.200097085567654
41.27755705526935
32.474035859246676
62.96441309853898
34.33457937050895
58.777610439633854
18.558174853179032
17.67645085136616
57.47832820645067
8.969367314051084
39.47967692428571
149.8530103647533
11.355133976600019
12.048213356163622
12.051588870553605
10.60575693963148
10.918559219747083
16.025070653028227
46.02953015039704
43.061054277587886
14.74591351144387
29.659032804725197
13.707477591638575
72.60013851003055
15.889394752652656
55.56304964272522
33.45120526364255
82.10129170550627
47.80725653583884
31.184364168848397
13.919185114213898
8.750804405928577
14.21201893394956
12.618818151779722
8.326474535022617
8.394700952062236
8.749666364600067
10.175857766398247
13.24373540917437
14.226946975174696
10.302875791660414
54.698048653342326
18.268828563093074
22.53836182704359
95.97357900674284
45.52810278160978
17.675475954623533
34.469702999015134
28.90982316949061
10.889102816179557
7.693359774759559
7.02937544044608
8.051297331706214
7.138138950288754
6.806853516378357
8.163831651796496
6.735671207726076
7.954620672641699
6.322269915581655
7.074509381057789
6.185990865118552
6.222279628975463
14.436226275308607
17.226707838739774
7.355096469471744
9.056933427729392
15.537198729073008
9.887906746401804
7.758519318885316
14.50527128732857
11.757531113285607
14.332762867064526
18.25642200732843
79.45708574432507
37.63431948762016
12.169930804705556
25.93327274663982
11.453015665945898
18.514579845481972
16.20744305538087
11.88386106213349
9.514913866642262
11.731945471764728
11.759757741767947
13.410741163517521
10.608318656747821
9.724504710286405
9.244341538498027
15.306949086957118
46.69587967337798
9.02755316790492
14.071791709276624
16.55863999610767
19.706188169141967
34.63304811686842
10.117565716053933
16.745503210787668
38.871878504977616
11.998099781062692
8.503304215494987
6.94187721039626
8.207316720176637
5.602504170826009
5.247704030095866
7.837443700478267
6.613440723400793
5.959450270242002
5.578453513383828
6.316725432358773
6.547593740480217
6.662445068737731
7.893662669882166
17.721198323040838
14.666511779957181
32.518583339045314
11.410554621809847
11.901140775670292
18.542573407439214
37.68952472321169
26.023277714397466
21.50120287001105
63.223632488710685
21.678010411703685
24.144087337969708
37.72199609951393
19.313357561333923
62.34488656653677
69.9933449563858
64.46963551322027
22.390596547706334
13.941719002017297
14.14477044652705
20.21359787532895
12.445817396961944
9.183674753858101
10.228709702472154
10.845479162295728
11.402507303923219
9.465796228428287
10.537829982313447
9.05396053209175
11.48582596131309
11.347303770904794
9.294956788046816
44.027012769009566
54.27740338242795
49.89470973638658
16.37137828359499
38.57069651436269
50.85346606496369
