54.68645950922061
23.380161755480206
16.046331261574775
21.463629269498725
21.136014480154316
22.232047132891566
20.17732025716127
41.02050924454135
13.401064060897706
22.07294359533344
32.3730437011391
29.275939612269685
11.278898921379252
17.463708114152848
14.311677113424674
15.290722591942398
12.512592537178051
11.248565247772666
12.518562537002744
12.495179866878528
15.434576726214361
14.37109687565327
19.953147751272482
20.316298309918885
29.378199948872577
91.56365680884645
21.706159738644168
24.924974621014854
32.44431720295132
15.586360715511693
23.049651070132697
15.62332696112231
19.50390288793299
13.817309563389284
19.497040254522624
17.725272811709214
20.99337008318948
16.84728721139201
10.931022300351593
10.719997734684087
7.187431367937351
5.764412808175822
8.498294094599322
6.862192737978079
6.39269947383457
5.934775675795347
7.525489950622525
8.819685042924554
11.025439158087108
9.581787542120988
14.048273773596982
13.293344421995556
13.243949310221115
13.844688346208828
12.460832105382407
16.824912760902386
23.26134036817577
10.296813629566817
17.96285861901747
11.966938167100587
10.180635935828112
17.417045885661874
14.264866853546142
20.907544283218897
33.358932217624876
21.5630634050648
17.67282035596921
73.26794858030294
45.41893216085895
15.22316325823958
13.631145387596176
10.419637720932732
13.39139362752212
16.18040743873907
14.962983634260866
11.973949219740149
13.50541252786052
14.62988802165329
15.033766172294266
15.32551576648219
11.721590615910221
9.518131074455589
7.683971689479242
13.799413926301984
16.01720276840642
38.74022430385872
65.88664078718868
49.34843582624334
30.572058222042877
64.07401593206845
55.05271777321401
26.905462946697092
16.498428339892023
15.75802609872123
10.70029421599262
10.097733221366669
9.884470012837172
11.687405229425313
12.248374521650664
12.782588257161065
9.313801262302574
16.510557003980956
40.76499869811212
12.076049119343493
14.892932342419778
16.822375925954244
12.880240942472941
19.171355140472752
36.395752128356776
24.50903481178834
63.806284756380556
29.142691340271462
48.5289228634479
19.552462371928435
15.206313826911916
9.828686482234206
9.990975727655396
12.839281646509136
9.276234799293215
9.410755936895303
10.609970515128014
10.490211372546018
10.940815981552799
22.465446356288883
18.815311547285116
17.237876752425244
12.075739380971125
15.062714994730225
23.473004580996395
39.82677729431351
20.353270477119718
15.428747857990002
40.45926288634678
12.806805378825885
7.623688988586474
6.8543038119693085
8.001761528371715
6.782152573757971
6.698933048100833
8.614616779049387
7.696689116905179
9.617563763189688
6.290082734429512
6.939873313611811
6.219787444675837
6.324909647878419
11.629245506346512
16.317312429044367
12.172501285663671
7.63803856447087
11.347101472660974
15.428364924944576
9.485435952952166
11.846859374890396
13.755886859731353
11.588552108980588
17.699257476758568
26.77159937592801
103.6262516607847
24.570244018904383
14.019685844234315
13.574852322731052
47.718832114559085
13.26223993128188
33.90980654829887
14.148520261411702
14.107279800522168
12.856596507234423
10.761325442565104
10.385373921357433
11.257201082256968
9.125913449520912
61.78480190141595
14.197528600373866
8.153050911904712
11.373123760845901
13.873559932239905
15.924212589291395
24.872780013702876
15.718542434695804
11.164861758428634
21.558652211153216
12.064851776863605
11.42482983836807
6.91567299043922
7.43999159264589
6.1118759945224355
5.578079966808795
6.775238126054603
7.658854238776817
6.721309244789744
5.895131169932156
6.099641778578955
6.570465871399616
6.782077431114292
6.729725031168967
11.676873015138248
16.264622008329642
17.64400227561874
31.66214095941815
12.962983039879724
18.307919785832457
12.346503317336264
32.577907144556576
13.868227524577227
22.092777296965604
19.53653571568837
13.758159223950656
19.68723586713709
21.434290359630673
12.873679259557605
10.685906231080933
23.211141498648498
22.786318510270945
15.199975484828533
20.067054335204936
20.30106746577306
19.086370184154806
14.915086827794955
8.799498787604934
11.030991829318456
11.93614591602312
15.880613926724497
13.603357544013276
11.91004966298261
13.292917341247621
13.35065697184999
10.540090711720364
11.779435666412844
7.318993764574048
12.682276603248718
11.138648437734066
14.077143909398139
24.51841102587395
