54.11600771932771
26.70076890694673
17.65591601610197
18.849417701788912
14.063855475801727
15.662863197799942
12.970194261390967
13.372817734135893
15.111872618063996
11.50909620686052
27.502102692950032
13.510533749634122
9.481998012590497
12.273717157014492
12.88232382264097
15.721266607564369
12.715110205040514
11.223813381002191
12.712316822574733
12.530577636482347
16.24386600414871
13.153886556211104
17.04368768709283
13.140955312507165
22.689204574842574
24.600595405612015
9.8739721819204
13.068923016264156
34.55615883780513
14.040169363172184
24.257909870367964
16.850204689011903
21.30486568522576
13.848000676691663
14.05955685533054
13.591321250665105
16.841949691598092
20.33792234971219
10.515887379927328
9.99654167791548
7.865392066243803
5.809307080188051
7.558337128891926
6.941351424738483
6.244945887594611
5.988988692885734
7.07372754269496
9.821437721384163
11.321981143559034
10.208807038497946
13.489424073815533
20.023827682728907
14.90300959756194
15.614939818069747
13.287455415335181
21.601868563300446
16.139406737632918
10.01851509765263
16.030621188678566
9.840304026778709
9.779219614184917
14.208274153025254
14.34558325066336
16.4286915968561
25.629670902778585
11.691180640898693
12.831597606720566
26.524035106631523
23.940833737418615
31.11789826384582
20.252057698990125
16.652725947317325
11.791331090420435
17.264637581527868
14.21825646442568
12.18074498551334
13.44782210287824
14.803832422225069
15.50887010884259
16.606952421889652
10.894741602826919
8.391309928316845
7.288486557927124
13.553588690937783
13.348072917958376
15.530839540649346
25.59039652787836
50.07641503183333
12.704620726447557
37.2943690922582
14.552072005954706
13.69658166819347
10.091808750524574
15.107227611229192
12.319032725925537
10.02914364949932
9.702172305424416
12.567967407850057
14.431260862146065
13.305413342046801
10.059777978374049
13.625437133574367
15.962065921901003
11.112894743068157
15.182666709459069
12.32193356297449
12.102150877508608
14.98511816026427
33.09652597549691
21.535143147952976
63.47359303074404
29.889559303245907
44.71615556593741
20.656116811143587
14.096625214878255
9.949063885076912
9.978569208333978
13.52013905940621
9.482741689697285
9.314675358071238
10.819312777307461
11.369389066056016
12.065152439522102
20.704574144798386
20.15017965922907
57.82711567744623
22.08224160634282
44.061926329935474
36.277877682271814
14.23096606290802
27.526862255094027
18.0388534072843
43.60090568446783
17.543768079388162
8.329683858760575
7.082934187643681
8.968495317851461
6.728980342969698
6.6903339273008
9.254270527074297
7.935935891304255
9.140933077553079
6.204489521182628
7.521642138766728
6.4544944338286
6.210637602883555
7.894293619387833
14.925210771263568
13.31969105048865
8.37760436895922
10.13950522165366
20.411068213350426
10.455248036289314
11.562483651872375
15.648916406618689
13.595661044026192
15.6597999996752
21.69871058457016
94.89473040001408
16.8677978927306
14.664549344148014
15.284363779694255
33.20704536383202
9.409609337012707
67.35214928112572
14.092486855677608
14.08080703719948
13.304962918337187
12.029491727906585
10.164872789568347
11.946010830047248
9.366229209653929
51.88297957450265
15.070235581598256
8.435330491895721
11.71300355660868
14.1925813424696
16.840375929698318
28.55804165070675
30.574838326968614
11.190508034687248
24.851216289121822
12.201186066081258
11.871763910194087
7.204411260216365
7.323189317419633
6.225315554448363
5.530527523799754
6.992210035006783
8.49390865596842
5.716195277120522
5.666151939636202
6.387860464189924
6.553460132753571
6.5086289090141225
7.56150166199926
12.71667623445518
16.549456109576706
22.39527017172631
55.775776388395684
11.951894032705635
11.258235251567768
20.678009439816407
60.59285235915151
36.21350853282432
23.13228368074215
13.914853178899689
13.531068993350491
16.434195915635563
15.512289029220412
15.446361798072784
23.392796609429446
25.35159035913551
22.884245703081817
13.190065566831487
13.041200543534192
26.13136474850271
74.32437998628205
29.63912076569937
11.38098249392338
11.383555689171061
11.923804179819431
16.470026687891842
12.090157379612812
11.267093627097156
9.883900188431104
12.76128994131846
10.037639726449752
11.289995377120105
7.9302569929707545
14.541992068592773
10.062019564376588
9.800885357683525
12.818830030918534
