37.292383386552444
19.049372517351014
43.541226416436025
14.126125271911453
15.32791885106655
17.102452026651843
17.078160286508453
12.994996461656829
73.11490597529162
36.73639888891805
48.68347664849068
20.523476390929336
12.475106934253274
15.309884472889358
22.873431564467765
18.009476457099332
170.52676703443674
13.51389238542459
13.316949568210976
12.575619823497949
12.018176839153547
11.128275444659833
18.34604557127996
58.422020281889594
22.072726174452452
21.760305051596006
78.41726093644601
49.767186560109735
83.82725626319589
56.603699494444754
68.68486656892628
15.586301147950403
16.77184287452759
13.736601252616255
16.640360841286153
18.684815640149818
160.8315022158905
11.808523550680723
12.47880457742079
9.791709750617928
6.8887724609945495
5.741683482114738
8.839967877095152
7.935304284954239
6.972273821546137
6.1313277720881425
7.755233726328184
8.787874768589974
13.063610585564783
10.16984984245355
12.57421769533466
12.884587215592218
14.120527188064502
11.361231659184737
15.572356056253417
20.21523882925665
26.993743952368764
15.289302084330918
10.15149315657458
17.95558656662256
11.78465025446541
14.762189520140122
18.17463605490441
17.277864157705494
31.193687301439912
34.20770580838327
25.7559353980965
57.37656706396592
23.735461089058596
14.151575696529674
69.68647077189239
8.543226207641197
68.60765441373809
12.290625621844324
20.247685915966727
167.50636297920838
80.49603750325808
23.48431927594741
13.296412345605344
36.168903655669084
9.971642449535274
10.075459074169805
8.671235900374704
13.140678995278103
13.931795487986143
49.691900215892765
93.64063182371247
103.57069303010212
52.86949586566702
86.73916302926482
33.218513192956294
22.962676532268453
46.03607530108285
9.921470521808377
21.22985927367649
152.28663398572962
10.805394132627598
12.314794089629636
11.863124092126256
8.383819796108142
13.307576689759422
18.66382815463398
24.056318552745935
29.171253568638114
44.464406841629035
27.71084064570213
14.10781705118412
63.2387865353464
24.15524847510497
73.89922480037325
24.326719494488138
70.4065572376821
31.201628356245276
17.648318321849665
8.056273670438062
8.726485241556038
11.063869476948039
13.826839552033864
8.62138116598277
8.3339896100743
9.133905736834844
9.877001534594065
14.05801279986438
13.257234983911276
12.441012603301715
40.70385824277153
24.69835107598134
20.008210145059873
75.49257274913461
14.360251226123703
16.482263510531954
29.12186462366716
22.133885930502323
9.704358073358533
8.482128954159451
6.788430891759773
8.34260100014648
6.349454332064817
6.581544943406234
7.950630822795257
7.241831413837751
7.673204781499214
6.397175616630614
7.622325583892377
5.826660228507628
6.306407684714748
14.581632901386085
18.225212571984734
7.1792876563093975
8.787973319292977
15.307409006805285
9.544577998516846
7.594074479596722
13.869525088087451
11.814619836347543
13.831601071485542
13.935972452887532
46.7677786587653
20.313069482549945
13.229243123923103
15.799533838688621
11.949229106800903
23.57593142173594
16.690772820742097
13.300851719079597
10.190476137673427
10.735107195521667
10.99193241159462
10.39909367874168
10.043256444639388
9.079708074086778
9.248995787233131
13.23037921020785
63.57947274820494
8.482476081959453
13.841116059127284
16.386671403682353
20.113698543997582
28.654372841189378
17.37051539579328
16.02235855436348
36.089352989561824
11.425800652717191
8.388306923656305
6.612319574962819
7.993914604483076
5.39774782362275
5.198062490428645
7.560767536215071
6.178598606437773
5.9653450620453405
5.702256115173226
6.155563551129825
6.905967567352173
7.48773659241527
7.077472945277803
18.136353045356785
16.23863053368924
26.64907363546086
14.87864101932346
11.864445219030232
21.157035835852778
22.855595020689318
21.584699157813063
16.630527210598196
28.754571285040036
16.26659080019689
46.02605030521333
14.796280969292331
12.637142511873902
25.085714515475267
12.606932989076185
21.321985291736503
19.262688221870697
16.472124101763704
14.329127309398114
21.82439686068349
28.92289220753197
11.326579503543304
11.14876768483359
11.962146089428709
12.29216163047207
9.824732208958958
11.95774833090768
9.018865828074782
11.500290530915857
9.803794288226209
8.818796300670918
38.03822746308839
11.276367433237674
20.659774875099764
13.65942624331874
84.63532008529124
72.29106741064844
