34.47178087584665
20.05038973351148
43.267243771390795
15.102927113677328
16.12872583513268
14.341245436234235
22.339130089399994
12.858020302049402
20.52344109213053
38.00558553674795
38.73987827098497
18.469293201228265
10.712352606463202
13.587401801049328
22.04039260691163
18.24325803319493
171.214088566617
13.382308802910295
13.333587409310102
12.426182724314122
12.167437928025226
11.180197709908125
14.371891352255139
47.52437513836828
29.867932731283897
16.412591948044476
65.00495826868146
31.866032370493922
33.40639997681229
23.423351728092662
19.878209779058455
12.663318773965461
13.188953398968764
13.782236100638384
15.242848505220058
18.30973003956255
156.79197982198272
11.75409986523856
10.956788569395657
9.784846739086122
5.953140304284341
5.984724199887242
8.382592198489819
6.433417032189266
8.017447820133011
6.3159003467080375
8.07077054494394
11.497123820397928
15.331554438370029
10.507374328367547
13.837932010541497
13.189731777456622
14.592890533408454
13.94330678901864
18.05590696285371
21.683733376464033
31.296451399831888
14.430625048227306
11.328264142176424
14.267843359598427
11.913964393482678
14.476582353860806
18.094333815071586
19.36649023001843
22.23899107508331
88.3872676872444
126.1786272817533
27.52214883077346
155.7471468318802
18.020138731869167
44.56708792144694
8.151027999094087
39.00208898929713
12.383919193648111
21.031774487827725
133.40880170870898
14.192587031575247
14.348290388454922
12.481799901932344
19.670044770337242
8.804490424328677
17.046904473337836
9.31987828039217
12.229479699393007
15.7257008339525
35.618353372027876
36.02654983090655
42.9427962107536
56.021573927868126
26.96323480033862
42.05815662690383
17.13739148834524
54.107528382228075
9.816107881755084
37.43796766967856
166.80751699666712
12.534063151626478
12.385010836059639
12.95081301100285
9.823382261070693
12.622468795010077
22.675546644488524
85.6815254126344
29.768506302171954
12.339264059662606
39.3341643971237
12.714149008941542
59.60506543769122
14.44508938883209
61.51596925694098
32.57600079232822
101.63533863783486
22.293429609129344
18.08478646459985
17.160948049700146
12.270014302892703
12.470966557170858
12.373108796592167
8.43544137817827
8.476954943150114
9.092950236573115
8.93191752883784
11.792357855796682
15.670904496133423
12.900868872498526
29.04337470274151
43.39612978658434
25.586746912714624
72.73230525027586
12.098444061438657
12.396142384756297
19.95493342408259
19.406351241165464
8.247799816079043
6.942931464963463
7.043346435451268
7.294433022447324
6.1736301759615655
6.692903084715471
8.336563281779148
7.22798653194981
7.982271482268514
6.417394221387338
7.822845355188668
6.339416139055938
6.3025722914860065
14.361697385770244
17.39142544099732
7.071639624551261
9.167037455314697
16.80286021458756
9.386152593762736
7.919271928695963
14.25490058373104
12.71594961532611
14.503177920084411
16.407378648092404
92.91951643019199
42.057887592271676
13.062162639748589
28.341002117119217
11.414914027300679
10.528852273542157
13.745939666138566
9.998655665546774
8.784009669710061
11.17055643151777
11.851193825313498
11.208193691988201
10.50000221915719
9.19529535250781
9.377646878850653
15.943965123078126
41.458933454047624
9.030475687578718
14.024670814462596
16.914434030867003
18.847186744265727
34.91949177464389
17.19620284996522
16.295382810974203
33.432647410016
11.893356288147785
9.953437226101332
6.890659103878301
8.055938923388053
5.5254075444169155
5.231138213032784
7.672362647701691
6.371178078210145
6.143901313678517
5.458342990795048
6.249791232631035
6.345246768183045
6.889741545772258
8.188905609827634
18.24066578400415
16.810981417249007
37.787290006535365
18.28926088505123
11.38031405407838
15.583088065805754
36.12962841763395
23.834297173587835
16.65049338658052
22.821087082418344
14.053868875561825
16.551640600128447
11.757240283962991
12.501532971699527
11.046112602262912
11.275826304567872
15.755397588895507
13.038801435829582
12.502766178081492
15.358193005597474
15.857925066683425
11.480290371263514
7.9752803147049445
12.255200497577487
11.691564128007881
14.117164248580407
10.368385306870183
11.278907941211996
8.941113078095556
11.782329979341204
9.912606807969523
9.241219272582256
32.09294240474268
81.73214128728159
47.65119242093862
12.14591701118481
69.01193248206299
54.44196425359489
