41.26082993708584
22.58184783852643
72.44646568161329
13.971596958348346
13.481968352386486
11.631608763113864
14.083622790470598
9.055846799183149
16.855720893847824
20.20344071977043
15.031552921925826
13.130453612229354
10.395050501685356
13.858041765071592
21.29712624852371
17.591234262883084
171.87738323070803
13.341513005072919
13.54986747776639
12.825645986405892
12.455814670037844
10.62513670955125
14.364315711927713
88.67117580352678
36.78831050024783
12.10816779306059
11.153785656698513
29.01027191140003
52.522192021293584
23.387631866490953
14.73532723509064
15.108543341988884
14.08840154041215
12.21839410324357
15.104425678448917
17.48020769425997
159.58376551739846
26.662487839824003
11.099995862495096
7.8070761830045
6.480549724739538
5.620815945723081
7.202203786061934
6.876013584152376
6.3361822279665825
6.194456228581416
7.216804837215714
11.579820625539881
13.704442671878144
10.832048596972639
13.581652565495215
17.04797637277993
16.83948820783442
12.370273837823802
17.90180007459851
18.665875463226282
13.585561592119038
12.844422472840243
10.298917597130169
13.018024144460426
11.29624109783991
15.328042716721754
17.650610081464045
21.693712903509617
27.795944284092045
34.56888112894481
47.916283096654034
71.07995639341671
73.88345743294082
36.35862864681066
45.79178585839302
9.611343781939423
102.05299660351646
12.078636112122917
17.51583628265097
138.69934689851
14.300024777387184
14.349996166770737
12.783095453881455
26.119960313554184
8.61103193253998
8.811220454799585
8.446366512411972
12.45493350336454
14.434811331026948
29.966824544886514
58.729616166167155
164.34272885588288
19.26876739171073
18.398129366327215
12.501267720528205
15.673683930121205
61.18141720785302
10.023820717590725
39.52539276849336
174.2274509145967
11.263809680695974
13.317063255451984
13.204619174520435
9.661398372205635
10.148964379813291
10.475086349924641
34.686695700478
22.32898445331218
10.32052484869503
19.64090405331702
11.88162987879785
44.1507256691584
12.670766260882942
63.49936283874665
24.028627790589272
58.36886244728331
28.004006505368192
15.043706576023176
9.017982911955588
8.465598550703485
10.270052857550269
12.572067804468537
8.394422126143848
8.559159831139466
9.308698846239611
10.720356443436534
13.900573936869705
35.09056853059096
14.93165865029915
31.080444065623198
23.0310313467887
48.056448328820224
29.099750254987143
21.493451321584757
15.609980306007799
34.48514632442702
26.164336692612043
11.62128819128655
8.291752821148133
6.843081856593964
8.834732748242882
6.598656121813865
7.234806969538347
8.978667070980617
7.891910585672954
8.908734033452568
6.19186729840364
7.816132009950862
6.174345694156352
6.093624688034623
9.593022883166952
14.583793771624936
7.5708267667130515
8.98668579574578
19.728594914244834
13.966311964663907
8.45649179311916
14.366854838299759
14.923744006687645
17.26510422563044
15.157456877961371
55.36471459195548
22.291183470543057
10.39780729212332
17.579797121999178
34.90196988800399
11.232579847404837
57.20456910823503
11.798497386417472
9.372910559398512
11.607399834985742
11.907542933643477
9.59335255492949
10.759006083514974
9.210179588638036
9.529440478116028
14.149795758118595
76.08174874972264
8.608013666381515
13.314448176424468
16.94011691188702
20.022266520730636
34.509961237510886
23.52070280073142
14.576107124286644
36.816487654106034
11.8645272743981
9.24370666525273
6.863301925355148
7.395810500570396
5.342366016020021
5.168469488080196
8.188726579255068
6.873948588165172
5.405344297593278
5.369684470754459
6.5482556914053704
6.56694374384826
6.288344391910251
7.861428090818232
17.7129523425923
17.56223601841834
52.649175162803616
13.81824265626901
9.630419175480148
16.959938167602115
54.71937552831031
43.468461731974315
26.77238873441426
31.538837750850096
13.254612515056394
29.110844710235494
15.41463047914622
13.626740667775133
20.908515263717845
19.307736217846728
23.175853576600826
28.10121154955949
14.691464487261543
14.700340277338837
73.08317975564837
36.52783055489455
10.703816654370794
11.820061908375681
12.101042926208574
14.33447420417509
11.096856144136076
11.19218435337187
8.543535348081658
11.565554056956168
9.755789678877772
8.381410144014342
21.782812089941057
11.14937397517379
13.782531827416383
8.52236979094654
12.315162219300298
34.834842345355334
