41.82027776284629
20.40072695169411
18.355637724177047
17.851911928621778
18.052987382509723
20.032070424710835
14.189709435269524
14.743858986745062
14.36232423340749
71.89866913618746
23.2055516902616
23.93769135005988
11.094501408693139
15.028070348949734
13.619282675479807
15.326720628687227
12.782212756035236
11.334227572255196
12.485950152519202
12.45011925012701
15.629913065707846
13.031557964897104
17.43414637525016
15.150886203296428
21.2480032456826
29.87180660153542
19.56728951646225
90.61950434537412
36.73426307558261
71.16816693254479
61.84355526240243
19.915811356170174
24.46515881379079
14.128247442899577
18.767985729292537
17.127063623936138
18.790865887643548
17.75214230895716
11.468046357264567
10.559988312368308
7.990095648565417
5.850531116340442
8.929902963490969
7.576367080636315
6.9182164569035365
5.986090047719498
7.787195981291871
7.788458608758188
10.246718060176358
9.869785705532164
13.626885319917621
12.61015316921811
13.430449176164844
13.461345772031404
13.011824103210278
17.907881271166808
21.594985185526934
10.438500177419888
20.571505247971515
10.6143337393627
9.821190432118224
15.885529459175187
13.501684925388938
18.72498836242696
27.732689063165985
18.967518395494185
44.30063760706648
22.713770911484755
63.50028753044968
21.243599750545254
16.54023523750954
11.135002774225722
12.091399011702007
16.713677285184154
16.135434889631927
21.11116042587823
14.528088402774774
80.06512148912023
17.201198215278406
19.765427798167718
14.821127880010062
9.247849050604351
7.494451336531606
13.690851736975253
14.87906836888693
20.424069210332007
35.826123868756625
70.0989725059303
25.066728067417984
94.26380480606954
51.47346341853535
33.74209958866536
14.752607009782817
16.04163240675751
11.513968899100727
10.271597348260924
9.672456605925872
12.313144576643069
12.602578031950292
13.88920823637501
11.488395240466492
18.161629888868937
32.76718896161528
34.82463053021785
60.729564445540156
28.387798165311192
14.963041920150483
20.84784202049607
61.565105950476756
24.041409346435866
57.10021846566318
28.03070355201454
53.4251979715134
22.126607755503432
14.744327676935388
10.043974352817559
9.82871150044637
13.764492328417246
9.67414236010109
9.741559793405804
10.872659008284685
10.903063227281569
12.055924050114772
18.20395729453705
16.707443803937036
23.498648784531387
20.023454671713164
17.550163935722527
25.494693030857906
15.942565159280297
21.309433010397033
17.773550858866617
38.291347726561405
14.865535258043058
8.57876984418502
7.051782457706781
8.19511240185629
6.863394879573784
6.345671917440219
8.1566987117414
7.43945998610833
7.690935993494951
6.244324483764082
6.9964380803752935
5.899825581279003
6.03469431074364
11.359474531335767
15.693051719187054
15.493104937132829
8.104109883443993
11.269885714857212
15.663346327786586
9.792433950803211
11.164598044201993
12.60001584519182
11.26508331933414
15.269109148286276
18.355181601021748
88.61830770692603
16.810762613484645
15.398499410476342
14.427133678315238
20.4388952413629
9.56286147788613
15.453805919737341
11.640861453715013
12.35709084198843
13.884742905555107
13.255497712098082
10.772067277436783
11.079557277363602
8.969329963433077
40.07207298834452
15.045200684846233
8.132146404178691
11.838226460291565
13.924694723650473
16.56715011121455
25.335595197362284
22.545286640603955
11.241331294927404
21.502989502406628
11.118309438018995
11.721434254741155
7.00730101212033
7.814395548110032
6.206342597062809
5.4568424305016965
6.789102681486029
7.402370703502448
6.3781290592203845
5.944450160620941
6.159426375768206
6.665477368335738
7.57389214129384
7.064228367721068
12.332156048021199
17.67186944515368
20.943145146099525
34.876075473913076
12.640187732039273
13.53557167788703
12.519884060627906
35.4861614684521
14.015639605768072
19.51149788303348
14.762224861992808
14.016953290182965
20.03521263665249
17.379754472473273
12.813602777408287
21.93121054820632
16.90439308672948
21.653197019360828
18.40926402216346
16.915929917558923
15.429700699143977
21.192033954357214
18.017093494493302
9.325682634160088
12.579102944654142
11.582679057444837
14.170207649920798
11.327612420943911
11.44146088180622
10.03602279110761
12.78997549677786
10.662123066566677
13.293550208113608
8.189934654358465
16.03144321981245
14.0480961401878
26.570767704715514
33.54064309187522
