50.03098171527833
20.449453321181352
14.969860154095091
18.018615786829464
18.57861164921612
21.175773611529177
15.159995514163189
18.991427970206008
13.300562255189666
13.98643161348026
25.76384956585155
23.955853768862198
10.11205052354787
12.804546774781736
13.281545909645201
14.767183647010645
12.610954905528104
11.25065153615547
12.503263621299462
12.58560053179263
15.493213893844413
13.046866956718805
17.330481745074326
13.15275305108804
18.667858285049526
32.03921242728459
13.443435290007722
84.7605601164893
34.846400454123874
15.285080984970275
26.043388763571265
15.895206754145093
19.069542958431654
12.607724135256202
16.463697995287454
15.951531330216948
20.50227354470186
19.550689327620894
9.938384043662772
10.909028523661622
7.3171183873644985
5.914825981258559
9.157572209799655
6.980235087869982
7.154470413693689
6.22689147010506
7.630715332593306
10.232673813145075
12.984293515010691
9.88352653359112
13.93801584296434
14.921294610437892
13.697204105281378
13.540786392394722
15.411626067482254
19.19890665419134
22.902009933219368
10.293718043128953
21.820832115808702
10.335724140736172
10.304101536581237
14.943354996702226
13.340259307914438
19.0672405004914
27.03790807741402
18.346689324792877
94.52608236688498
17.387971838275178
27.93734243776419
21.36279514702328
17.977598745572813
13.022258167484058
16.673792987152016
16.92778980568352
16.22473461331679
11.43526375200462
13.148371939906474
14.387026857108985
15.827102560656487
15.33799850197382
11.608567342628426
10.401747810327892
7.88545887220462
14.010637318083429
15.015821871824256
40.46758901491766
35.43241084200535
40.11256875153272
36.10808437512392
19.79392311799025
25.554441337424322
26.652011632074057
14.014753337284374
16.259068012442334
11.789662592938525
10.875121523105319
10.516976174855262
13.07489011685396
12.77566568497387
14.09300786629644
10.365640568696088
23.005703170842747
32.038754740119565
12.7736278925816
15.122855724443362
14.79897219661216
12.241591685057799
20.584122115218904
39.60516298429798
22.44987832530569
59.765316042994414
35.647830990880784
44.99255549064124
21.695202766207363
28.608586276846747
12.178975704632222
10.467138704661943
15.130770288038773
10.09628588965872
9.35784401299129
11.042966829102266
10.630377174425295
10.314014441158443
18.302728770472264
16.961631801379728
15.398078413208632
16.177940845064775
39.40559112499816
27.506642159578867
11.471267999827248
16.431299784779743
15.51659460488772
18.19606185799517
13.267297381178986
7.280339545408621
7.279275163684912
7.359028577615014
6.669227409259961
6.467925959315347
8.659647869593494
7.546413836824341
7.715697307323137
6.278835372176048
7.27120966411861
6.198083498591669
6.133942545371881
11.046377544292495
16.353748239162506
13.98045910997433
8.387945819619256
11.773560523936027
16.691724380823107
9.676813738522148
11.631304160106312
13.27714797415886
11.685549402675841
17.239597324711706
29.90592688109781
114.87844849839794
26.244951415133883
14.034326274350125
13.761970484458152
20.93217351795188
8.565518883674693
13.474442168644394
10.776999085444881
11.442127151520474
13.50492352997039
14.83235726100689
10.8052460203358
11.838080585278599
9.657734468075002
31.21709173652633
18.806165815686615
8.585796232949228
12.028547707066034
13.556094958012583
15.535365513926324
25.078467071394268
22.072329436138553
11.32819304026872
23.439599760145335
11.233748207127896
12.318506783417655
7.2647653072367575
7.861299613625288
6.3133416825137365
5.5476463030318195
6.932692393163596
7.470871956543307
6.578993380051841
5.795335961639831
6.155183020060565
6.3152690570608625
6.925542187709509
7.613739216445448
13.30761734860106
17.7223273998212
23.86652118941574
47.32553451904436
13.687845433963671
12.090561015501624
13.30671738478479
47.230188481697546
15.09467287766061
19.644161553984397
16.906431146775873
13.154062935880011
13.826387912281959
17.32287318531895
12.656054501442679
9.639715832997311
12.925860457679955
15.758006301098595
13.34580668342613
18.718419314001046
19.425990991076276
15.30221030427793
13.820524985225582
8.186351405516023
12.68450824187157
11.627933040681864
14.574520956310991
13.248740155642462
11.303754665575473
10.016818012288834
13.288837059729527
10.674775528807547
19.892602460262083
9.369947656792432
84.80330398420146
16.81295434674335
15.022582002433964
59.061119595324875
