69.42907074681521
21.987530414002766
15.956174879121466
17.31800375991631
18.82385450975788
21.128724610643914
14.06862462397385
15.076514642166032
14.152430330740792
78.71564856132326
27.90374249912229
20.02816096957944
10.563257032033714
14.192910404490023
12.973706654073329
14.938449209874225
13.649686244070748
16.226334197315154
12.371520121086307
12.470190025942049
14.870186587437743
12.722910740133369
17.190542706739592
13.361964618845425
20.315753724521578
27.365180760398978
13.898344957177079
82.51840134012349
27.665617691168297
14.412097578497335
41.42268456720223
21.475166519227624
20.243621704942047
11.625485516972486
17.560301952624684
15.96177739215126
22.538165437491372
15.088124832822393
11.153316874709349
11.797325533299025
7.349887031719829
5.866086836729078
8.968454461391953
8.081281814997004
6.661221808181908
6.210530947904702
7.483837831543263
8.81798598758846
11.903497303836868
11.17552957625777
30.270719390310205
39.81697099266123
14.041290588984769
17.351594441752898
14.714034766864618
19.253863318402193
18.465434310992357
11.212136693208889
22.63178215445701
10.244930445887036
10.228588133035645
32.09254160661095
14.760503799207525
17.967777735909795
29.414862383442955
16.434250649701454
20.264098530303876
58.53677723053575
71.70616421305218
62.94164629923541
18.575360988766306
11.473662550986147
13.496096423159578
16.228223354823232
15.210085602682366
11.55544606566378
13.128377288320642
14.116116473804805
15.816435401654305
14.346273518193165
11.894048197911578
10.019288808158096
7.782418036845724
14.403567361249616
14.500135292891244
22.038848775480474
45.78533567313645
61.09310209994356
72.10935987926737
64.24732305943154
16.973549756241802
19.09494532094729
14.443631756940231
16.170745644605958
14.192939164148838
10.948011235309083
10.237213966387094
12.420259006562302
12.575647386174131
14.322499904183768
11.249978577837725
15.485690528716434
31.578577940083786
20.260654717277834
25.706817144975417
25.790995052913377
17.533419126522226
22.734564785282373
63.93418055295663
20.036087159840836
44.11111009766476
28.95835086026678
51.05877130233814
17.437883970131324
20.968851245119225
14.255123870108617
16.897472035380765
19.909937999522104
12.449985366978572
9.957070531940014
10.815206846859377
9.863967267509485
11.001496165870366
18.18761977266195
16.965337413003034
18.018215597564502
17.867690986601822
37.10079487309537
29.46850549954383
35.64423901550252
24.801522963167915
18.304623831825744
26.360488386231108
15.796635867796205
7.8443718113801735
6.957239222097962
7.327438978401113
7.1704982279848535
6.471597875381153
8.355973772627895
6.750209355754437
6.777948518061906
6.103034777181527
6.6841678763790835
5.895342392255046
6.1084806085385095
11.50289201286458
14.75174580196385
11.798702591497856
8.052696623149195
12.195515943936075
15.127420846319826
9.813153062013015
10.904103747014894
13.436307961014593
14.228943589031333
15.705631926915064
19.519316391751683
87.06158816333846
17.98855413828545
13.484265514811517
11.629053108644772
42.619861898691404
12.687389185743525
98.10198372177621
10.810719390937383
11.380908356434738
14.932978198886033
13.514525998866443
10.670256247567206
10.865865928188349
11.218970816831343
43.03894393812073
40.091470071088146
68.4533517501284
14.85285005685032
18.910207355641393
29.948999894261007
35.520296199207834
26.397522842069367
11.91283212228695
25.707266440669137
13.906773770404982
14.867240904339408
7.1904470177147575
8.866399884742743
6.3401801422798325
5.610978722121191
6.667604326407798
7.0595009272147715
6.540315255970894
5.84093915604549
6.125509424793712
6.619716648035441
6.45213682614761
8.107851454622375
12.918663218936334
16.59133246995757
21.4366103173748
42.17214137951196
13.722209622866435
11.569144236632244
12.159694252572839
32.541511420871025
17.910832853898434
19.189225206460968
16.765968902139733
15.163907124795426
47.33181428261052
33.46610376064715
16.958328066025963
10.405755031057625
17.27742806857773
31.903997427393715
17.277473590122163
18.554898076768044
17.646995170629097
19.517541259647178
15.823178946556796
8.177472563043096
12.58653210406823
11.39261549003777
14.183003489304554
14.059817044176643
11.214547730860568
9.984312478578836
12.392166211958202
17.67996233063521
18.88138471295698
9.357383364408935
18.296642247582596
15.201509418507166
13.16513666498023
20.619959003657982
