44.28832696600279
16.49693776473809
46.81836305786307
15.176083385596195
15.544859788707361
17.104203119531416
17.75461710332901
21.963690343342027
67.44155997337529
57.22397224125598
70.60226423906286
24.9057987137461
42.4828724224249
24.861421917181598
26.766428195197758
15.531131143151347
172.87835851660472
13.091772830403865
13.118192736061095
11.645674701671297
12.813438105134319
11.45773996320312
17.311849800254656
28.302629968800602
22.22263829266572
14.932357704844167
62.42638633251063
22.997803223934344
39.64448407698104
20.119267206975294
19.30570580107042
12.568578773163848
14.522122748838644
12.886144375299354
21.08544754150391
19.059164670874946
146.8107333703842
10.451948038134184
13.427662175883654
9.459983402126593
6.107792324622806
6.42867399870802
8.284662191470984
6.049440480527788
8.116462187271472
6.6192750264516285
7.88725495685312
11.738652366598405
15.32089366198083
10.496178755073041
12.288895327218402
13.290474901268649
13.948563202359814
11.528622701772534
16.06897990836866
17.745088834138162
27.313037624119357
15.564808975025464
11.325592995139562
13.074348306526096
67.97073231623422
20.475136515409254
18.14706643656188
23.938184181993197
31.175692073158192
84.20764562203114
127.80220728830092
27.704710473677483
159.17115906860556
40.14914839094892
44.531983480823854
9.442435936265227
23.35839690955778
11.369219648390617
21.460712160410033
152.96831873340395
14.249445252330494
15.809805424406148
14.357638632045083
30.16208582043731
8.940685297054632
20.001314106447477
10.104163743059276
11.92015022282126
14.017764486398843
16.11125624785338
51.76162582900918
79.83094065564391
44.941422019966005
66.0250639136544
24.558476164748132
15.843789035623153
59.144725183978274
9.336076510245183
38.79936091372572
164.8525898998143
11.557574041962143
13.15787548288307
13.202961847822277
8.09192143639248
11.539543695563694
19.138405772706783
34.89089771241899
40.62588871638521
13.280156346568152
33.152396883288915
71.0682608314139
39.036378434501295
16.033927265021177
49.79234405598365
19.533021773986878
94.65705588658854
20.97070886450159
18.887011465081113
23.7317835254751
15.080846511052279
15.474664546675823
15.732556617813898
8.718889933443371
8.295532985313251
8.559870541061901
8.658711776831998
12.283213287813203
14.163014693314071
11.950995555701722
27.616605865900656
16.244500119281202
15.401199044609172
102.28922272322356
19.808300981324475
13.276368239331422
54.610488307564914
27.133466820732735
11.375962059705358
7.5090538765953285
7.00626483260242
7.809613665814294
6.552283941432314
6.8889216753346805
8.778763383819385
7.727643207421439
8.476539673829812
6.892438840416382
7.8440786967620255
6.72809545984407
6.384400291077663
14.456848326533656
17.164290676257973
7.390681872222943
9.410980699381687
16.726158838038796
9.891852132630444
7.863884213425244
14.470939998678247
12.160282142194392
14.278103335126769
15.759307678090181
97.11662637647514
43.08619676043237
13.13925530230804
34.852974840129605
11.193220832953367
11.864704262573033
16.5799162905194
10.271981672434562
8.806979246790531
11.733746416125433
12.097705370438872
10.758813754227573
10.249521641815623
9.4540089873493
9.088146463198497
16.65262608673019
24.364837452867977
12.82325053702183
62.81644933447208
28.799198161562835
21.07647059896686
31.104817845102364
22.98866174019826
18.076215865022316
32.237869536053964
13.929249075339738
11.438502647513763
7.097703565123076
8.455624354084161
5.291676499351932
5.23917050149318
7.094723413211331
6.0705606675734325
6.402747427697711
5.542268543374944
6.141220256248042
6.888563051644466
6.716469037369406
8.068340253080947
19.34008301938826
15.825246655198706
35.44466616069113
16.349478941440072
14.045932733906112
21.20177583487378
40.71490774379032
28.74254708278298
26.505707217938212
30.00754479100925
30.047683708085586
32.3472067625357
22.943509004758837
15.038590648303153
33.246162417138784
30.22122343214134
41.110679186369474
24.487611824621577
14.234720010893161
15.879808120898147
18.334183595837484
13.729328079212546
9.551277166451282
12.729823180302299
11.18274260599912
12.425605697335808
9.444568372514953
10.957106815135848
9.651685612821087
11.311114054670746
9.67284327457817
9.138448136979443
46.44907345377577
98.4540502714304
137.48893094530092
19.82953358747017
58.19467132129949
60.61228297915406
