30.64407606481925
20.94215020845995
49.53457839244306
14.361593712107663
16.29448803010317
13.122453535450209
15.062018028536578
10.193603151028961
15.243514555185197
25.36434500639574
21.52190019347652
16.73508668683675
10.543001226284213
13.445362367230393
19.07676895865052
19.427148434527812
170.2376878563703
13.470443607584345
13.23667250159002
12.686028102914127
12.020366367889986
10.922039103969688
13.371159013864707
81.10768084335594
39.451466596525364
18.413060949138337
15.204134749597397
39.10963943540317
88.48226291756237
35.848621036586266
18.094477478750463
14.326277386467979
13.598799795208114
13.891087685410595
13.82961979443162
18.583625003064093
156.1196561352336
10.751204930217197
11.043712916177949
9.714282026667052
6.163956227554014
5.9005458458550635
7.948421433547216
6.010660609602889
8.001500892202868
6.818388168770415
8.096355739796357
13.053432027494617
17.653840476056924
10.63999626046978
13.988255835826088
13.502543710805774
15.181808360141552
13.721301342929229
17.726067814823168
19.516998623527886
33.375561890995264
11.712735852755177
10.709208240230893
15.413150590438553
58.55416303285035
16.80712058729168
16.87771163894134
16.56852507034571
31.591844355159925
14.492020301067297
50.81191677759744
122.83124465174993
130.9465685851302
14.977816478818925
28.56245498356696
9.23291598998775
51.539674357314745
11.517180787114608
19.397796124369954
159.41713584512544
13.885348071439093
15.932029921532893
16.277249046751976
27.519972199403387
9.68139631255368
17.226337031239403
9.595857617727942
12.052535393956152
12.342121420483018
22.739871385039997
136.98982632692426
78.99908799144822
50.19935204261679
67.7192896921133
28.57044487451031
16.9256626176003
52.77737354939182
9.286173534539387
46.052525001525694
173.4781844193204
12.363680746379105
13.031671948706345
12.610603500464538
9.224834890197137
11.549960504753404
28.35468715014971
25.483328181310412
33.12364063874986
11.233902240557397
27.719765669931597
12.470543523906342
51.51503074135493
14.07728667449984
56.88882904119357
29.912032613626213
91.05589652958734
51.01056502104951
15.409046842777098
10.34424943699829
8.723580758081356
12.50250665792365
10.479657963120815
8.535337444647155
8.429612748423331
9.1305083871604
10.940144151108088
16.170825405523505
16.211350110527956
18.847642957702448
26.160495694882204
20.796987649963455
17.357393160460223
75.4528299360895
12.285436648191654
15.796463912219778
44.4965621089718
24.410694374824203
8.944705708403054
7.830349385232326
6.4797867261160915
7.446014583786504
6.360412975364407
6.575402440989836
8.282988415244283
6.842852168953191
7.8883262412754185
6.567541238987026
7.445586050625235
5.975102744926512
6.3502403179355555
15.23754504077384
16.518910220362002
6.938793155559486
9.41110631310324
16.869368347913525
9.286611985966173
7.945525874896774
14.121349128126909
12.133773961330874
13.831506719038961
13.310033314562602
21.306210328330433
12.223991390369095
14.025161174848666
55.538699500572655
22.77900289427058
54.47260815774831
69.6936124709005
19.043455118658727
19.705605846459626
12.998493572319042
12.21843208006847
10.301383293260647
10.61589788805895
9.940847739247342
10.428526168524296
18.573843473126264
72.28371282837745
80.5381558519665
61.599616205368115
62.05550472589093
52.594256991501496
33.0599353075728
23.486790531747122
24.926999226124366
68.37864753812069
12.966988994150435
10.17723715528751
6.759247324731277
8.159258958436121
5.57365851050406
5.29012463622636
7.48570233355068
6.428181190502343
5.983724367754978
5.681400584248102
6.491970995853014
6.6151950709457275
7.077141262850813
9.284650992841827
18.87386399995006
16.182255019245602
30.18138462468561
17.017654740945055
10.961023728850364
13.883010774564832
32.944874699487286
25.86799108724754
20.246191986423707
33.70592707929952
13.426201827585269
33.04380126313777
26.818959594198805
14.620901447233875
16.039419908703202
15.686924271467499
25.99786391647368
25.464965962547993
12.91730699473767
14.29720132365562
16.603532008672467
16.60421333695776
8.351330235390723
10.87608450796135
10.600480823908157
12.990634418883696
10.934440425110457
13.307207818520524
9.197646493916448
11.962021577376124
12.250599817877774
9.33815462584103
50.10183806855144
86.33006972108623
93.08303227456513
17.97216447457038
72.65349217402478
53.84976178648723
