65.82529475927223
23.420674743765517
20.452478235693217
18.331030392355714
19.03650762593563
21.40486604950283
16.69148782100344
24.17728667552627
13.404775769549584
17.44563196808783
28.278698033773342
31.43374780716475
11.259288122930297
15.308140495428368
13.695452873179311
15.061765698416785
12.512551014833068
11.271939749481405
12.60554132883585
12.70983656497719
15.457641700108686
13.62477779591954
18.00110130404135
14.362580901004959
17.367722777990817
27.5608519222611
14.72253406905621
98.86453451388762
31.733243559186818
15.181553994366137
24.21790459494808
19.200828516589482
20.510141838543046
13.116829568568996
18.76224611343927
14.305632514747579
16.216673502170618
23.307862978506687
10.46943549521052
10.957063659739537
7.816151967165712
5.809071849154758
8.443806633927746
6.231764998010367
6.677918085178206
5.897496562985424
8.407978927601226
8.06156782849741
12.417307875865792
9.932466175913868
16.768014028573983
14.893194088538115
14.58628715206193
20.966061256855753
15.443682946688634
21.52698209187231
12.625998350915195
10.462747951539194
19.56541439605503
10.583088537239705
11.973035562597612
16.418288948857047
14.80621120647154
18.529103365785957
24.948838249292095
12.78394760496491
30.135298544001508
20.598109362524966
25.4408058565494
18.125069981351817
29.351295145972234
12.772343283979872
14.54031335494492
16.15611727592742
15.653036751277071
12.34245389579029
12.912758380087666
14.149181278377206
15.570035202464474
14.603238486393355
12.26250654149492
9.969531623426612
8.402024686256
15.431146831755337
14.480853765916766
38.715254418668366
32.29732331243841
31.52971179217087
15.495387189618938
41.700905250871635
26.740804977802085
19.08764650759722
16.242278783912543
16.696739861759127
10.998681345895266
10.95814877999219
9.790746484265291
11.910863431196473
12.850193553684122
13.56577420961993
9.526323132829125
15.688222545967832
47.20550659859277
13.710016484537421
17.605478604952044
21.257068280956634
15.150423751556774
21.99290816856899
41.910019925827385
19.793754772112322
62.18431842781157
33.80957107324672
60.82582286912519
68.07088487743181
12.896460646242852
11.555508772246226
10.315818097623877
14.716124603692897
9.847174305206059
9.80261908395326
11.253824666532697
10.461438170528158
13.566334202089642
15.977533750812217
17.33796653317355
17.856577589875116
19.68577078198676
14.599557392517301
26.150328531768416
67.25995988109952
33.92480888970693
17.745305012014907
35.148649099033904
18.735030425637433
8.228485493749725
6.968122637296899
8.099715406410319
7.558671429428474
6.635258069125938
8.15351857034935
6.833420495423069
7.699074551502687
6.234166092738365
6.765472568606769
5.996136216570277
6.003063260055169
11.49183277391946
16.981612432123942
14.815828241856469
8.212153582838662
11.167389684369557
15.901827527868054
9.818550582996995
11.09703091034863
12.715338695109496
11.606990833190418
16.940403919284226
27.059399028412823
99.48779310720754
28.902250408102752
15.727216425889505
16.02638736859106
22.32558728649596
9.353033797278846
15.070027376913055
11.336352079727252
11.689770511010627
17.66002860626527
16.894124843194827
10.96306870736569
12.093878525390947
9.649135309347912
37.26513013458619
17.280710667220458
8.570611368088422
12.245349869354062
13.64849772986066
15.917404773220058
25.920319559304644
11.089206527706834
11.25620830537941
20.806472227333806
11.753200123878646
11.9201401035871
7.197691512890234
7.983099407290586
6.328345539935512
5.531292157595553
7.13168409411779
7.53554996940054
6.431658089384094
5.939645054728393
6.285073224710914
6.43714497950435
6.601797591037162
7.530800891883807
13.391519276734167
15.920428417493426
22.27900759173223
43.1227470041804
11.357348941823583
12.731984572540318
14.249092512107936
49.449409640489755
35.52870795513812
19.97179180899076
20.950931510813966
22.98993840033782
56.1393456293806
23.579277941146085
22.36325069602261
54.387974979102275
65.42948499668543
29.355543651951063
12.536877151088689
13.808060951918458
15.519659661358741
18.95405531526277
12.603447198844604
8.01308958856737
11.782523032005493
11.063821310265455
11.346398669078782
11.088671593150004
11.119404187626445
10.236583151695369
12.390299436859433
12.550658387907333
19.57678430752842
9.95148376406716
55.58955866414447
15.125934564582945
13.819456974901586
29.395164031813188
