37.7605
20.9795
50.0649
19.2677
16.4334
14.8842
20.1305
13.3475
36.544
37.6397
40.6633
18.6962
14.5733
15.971
23.7
16.7089
170.131
15.0726
14.1821
12.5706
12.8585
11.2154
16.4038
60.2738
33.2322
21.2057
58.6276
34.4375
51.6849
29.9964
25.2563
14.1423
14.0651
13.5075
16.8802
18.8101
155.702
13.8181
12.641
9.46758
6.31134
5.85426
8.12838
6.62161
7.23632
6.35928
7.94963
10.6614
15.1462
12.1985
18.979
17.2557
15.6975
12.9642
17.1051
20.3821
24.8094
13.9798
11.0602
14.8765
30.6948
16.3596
18.1636
21.2281
33.5718
49.4621
66.3634
59.5456
101.052
27.0581
48.0168
9.09803
58.5501
12.2128
20.4314
147.606
20.9007
15.7474
13.3911
27.4361
9.04712
13.8369
9.10599
12.5489
14.3763
38.0531
62.6296
92.908
42.4732
62.9846
27.0263
18.8683
55.5853
9.56694
33.584
162.54
11.4072
12.7723
12.6387
9.51843
11.6691
18.3892
37.7697
32.4782
17.9736
28.3168
19.0188
55.4928
16.9992
60.3506
26.1816
75.6426
30.3125
18.652
11.9284
13.8711
12.3354
12.6761
8.5712
8.39608
9.02419
9.63423
13.2943
20.5591
14.5209
33.8498
28.3828
26.3204
65.4986
29.9562
17.1646
34.2445
26.1509
10.2354
8.18519
6.90742
8.11744
6.83023
7.04897
8.4694
7.2113
8.21066
6.40745
7.53882
6.34261
6.38543
13.6463
16.4245
7.17795
9.12901
16.714
9.99416
7.90057
14.2588
12.5249
14.8002
15.2585
63.4285
28.5455
12.1508
28.3852
18.8412
25.1127
35.4029
14.5603
10.7006
11.521
11.5682
10.5732
10.2847
9.5017
9.74775
16.4233
58.2468
28.8758
26.1816
32.6667
27.7424
33.6099
19.7445
17.1933
39.7552
12.1608
12.8744
6.86453
8.43006
5.44786
5.24045
7.57997
6.46206
6.00911
5.53938
6.32517
6.60819
6.75891
8.31078
17.7468
15.956
34.9302
15.3809
11.8615
19.4115
35.3937
26.9776
22.335
38.1334
21.3163
37.1782
25.8181
20.823
24.8109
22.9179
29.5013
30.5573
16.9247
16.1507
29.7605
20.0997
9.46339
11.394
11.5316
14.0319
10.7614
11.7809
9.06358
11.7812
10.5893
8.93255
37.7428
38.5606
47.4934
13.4546
57.6887
57.3223
