2.8483
2.38049
1.99232
1.6834
1.59575
1.0037
1.0058
0.734595
0.684424
0.849036
1.27089
1.6316
1.50993
1.53606
1.15527
1.40964
1.6875
2.00223
2.75593
2.95375
2.56336
1.98905
1.3609
1.14299
0.932295
1.30123
1.89302
2.2203
2.48596
2.29771
2.33625
1.80135
1.34196
1.21762
1.20015
1.04665
1.07805
0.849549
0.618136
0.617047
0.722333
0.708167
0.704488
0.750402
0.745729
0.758128
0.829949
0.925232
0.991337
1.02017
1.1639
1.45621
1.51135
1.61938
1.68498
1.79281
1.62474
1.69408
1.80398
1.74743
1.97558
2.25638
2.18689
1.77021
1.65554
1.6078
1.65562
1.93972
2.06511
2.24559
1.7639
1.22888
0.970838
0.762077
0.847391
0.912515
1.06687
1.37283
1.37798
1.12492
0.882207
0.739315
0.792853
0.824515
0.832152
0.751168
1.13459
1.67089
2.3878
2.65668
2.1799
1.36424
0.992602
0.86748
0.78601
0.676701
0.666252
0.719374
0.72976
0.675562
0.680095
0.768834
0.831312
1.1156
1.33009
1.24016
1.35804
1.66593
1.95214
1.5389
1.85578
1.45978
1.87596
1.22034
1.0029
0.871249
0.758713
0.649244
0.675355
0.588151
0.558176
0.558095
0.571506
0.607792
0.705443
0.756375
0.848202
1.28301
1.80682
1.86681
2.1764
2.0516
2.09803
1.58142
1.27617
1.135
1.10677
1.03599
0.898258
0.858498
0.932632
0.931319
0.775121
0.743944
0.834777
0.840114
0.738987
0.761328
0.800371
0.707875
0.631425
0.740412
0.682852
0.791229
0.855682
0.892608
0.740275
0.726535
0.876323
0.848967
0.750073
0.752981
0.795144
0.98277
1.14861
1.06906
0.742032
0.636975
0.608206
0.620462
0.561069
0.571579
0.61935
0.720792
1.28863
1.62012
1.89016
2.06452
2.03054
1.92864
2.00402
1.50099
1.05878
0.769497
0.670957
0.556283
0.604467
0.609423
0.540261
0.563815
0.592296
0.547875
0.575337
0.692916
0.688569
0.673208
0.800352
0.903534
0.977829
0.953489
0.755195
0.701076
0.736308
0.960667
1.59209
1.88635
1.68287
1.69543
1.50379
1.38763
1.31192
1.22648
1.78499
1.84546
1.54517
1.29707
1.0104
1.13058
0.909627
0.890505
0.926087
0.994274
0.866469
0.711174
0.699223
0.603534
0.603964
0.600292
0.643047
0.738147
0.950559
1.2529
1.53702
2.07518
3.09295
4.26422
5.83893
