3.0659427642822266
2.694540500640869
2.2751924991607666
1.996665120124817
1.8650145530700684
1.1130423545837402
1.0239360332489014
0.7869396209716797
0.7615962028503418
0.9476316571235657
1.8912928104400635
1.3546702861785889
1.6335383653640747
1.655498743057251
1.2646634578704834
1.5215984582901
1.8135617971420288
1.9953912496566772
2.7455692291259766
2.957528591156006
2.6811416149139404
2.0433621406555176
1.3808891773223877
1.0816155672073364
0.9980366230010986
1.5888243913650513
2.4595916271209717
4.134665012359619
4.315016746520996
4.03542423248291
3.824080467224121
2.7782466411590576
1.821382999420166
1.6781468391418457
1.508101463317871
1.1477348804473877
1.1421899795532227
0.8706843852996826
0.6390993595123291
0.6808754801750183
0.8271271586418152
0.7764545679092407
0.7863751649856567
0.9255217909812927
0.9388449788093567
0.9107649922370911
0.9878252148628235
1.2441010475158691
1.366951823234558
1.305471658706665
1.5674880743026733
2.110387086868286
2.7001793384552
2.4159319400787354
2.4454121589660645
2.53374981880188
2.2167282104492188
2.286393880844116
2.429727554321289
2.2859385013580322
2.688295364379883
3.0087642669677734
2.9820656776428223
2.4075212478637695
2.1101386547088623
1.815382719039917
1.9249471426010132
2.8480310440063477
2.903247594833374
2.3446571826934814
1.9349055290222168
1.3572741746902466
1.101107120513916
0.8540228009223938
0.8976701498031616
0.9716923236846924
1.2253724336624146
1.647402048110962
1.6335111856460571
1.3221315145492554
1.0032806396484375
0.8031156659126282
0.8526798486709595
0.9270468950271606
0.9638698101043701
0.9435490965843201
1.387239933013916
2.0264453887939453
2.9531896114349365
2.9341490268707275
2.2915220260620117
1.686265230178833
1.2575666904449463
1.0984368324279785
0.9507500529289246
0.7863797545433044
0.8750212788581848
0.9533665180206299
0.9371651411056519
0.7799558043479919
0.7656584978103638
0.9022014737129211
1.241145372390747
1.4627684354782104
1.5715017318725586
1.7904008626937866
1.8776606321334839
2.257206678390503
2.322636365890503
1.7981106042861938
2.1063156127929688
1.6257272958755493
1.6589690446853638
1.5627405643463135
1.5281894207000732
1.343557596206665
1.0728912353515625
0.8355607390403748
0.9095145463943481
0.6877140998840332
0.5967345237731934
0.5757325887680054
0.5447605848312378
0.5704843401908875
0.6152989268302917
0.6272769570350647
0.7323523759841919
1.1576236486434937
1.801734209060669
1.8213231563568115
2.082094192504883
1.8772315979003906
1.7688074111938477
1.2625656127929688
1.1073709726333618
0.9734541773796082
1.0029487609863281
0.9598603248596191
0.7895302772521973
0.714403510093689
0.8387933373451233
0.8793354630470276
0.6997234225273132
0.6607989072799683
0.7691633701324463
0.7758669853210449
0.6694626212120056
0.6860589981079102
0.7084801197052002
0.627151370048523
0.570992648601532
0.6447498798370361
0.6437698006629944
0.8050766587257385
0.8561972379684448
0.9548720717430115
0.7800965309143066
0.7106841802597046
0.8433141112327576
0.7521860003471375
0.683293342590332
0.6750470995903015
0.6446864008903503
0.7387612462043762
0.8355655074119568
0.7909194827079773
0.6184136867523193
0.5677311420440674
0.5907593965530396
0.5391929149627686
0.555161714553833
0.6100167036056519
0.7375261783599854
0.994755208492279
1.9694081544876099
2.665140151977539
4.111613750457764
4.7250752449035645
3.5535459518432617
2.713599681854248
2.201732635498047
1.505271553993225
1.0882670879364014
0.7255831956863403
0.6888614296913147
0.5562534332275391
0.6148702502250671
0.6390407681465149
0.5399340391159058
0.5797405242919922
0.6055842638015747
0.5295847058296204
0.5336979031562805
0.6679648756980896
0.6919161677360535
0.6421950459480286
0.744983971118927
0.8853215575218201
0.9418831467628479
0.9366061091423035
0.7455006241798401
0.7537592053413391
0.7725361585617065
1.0369805097579956
1.5707900524139404
1.7604576349258423
1.3511617183685303
1.4479902982711792
1.2934634685516357
1.2118415832519531
1.2503526210784912
1.3832550048828125
2.0829553604125977
2.0326123237609863
1.5184623003005981
1.1932311058044434
0.9428979754447937
1.0029652118682861
0.7733383178710938
0.7818647027015686
0.8377367258071899
0.8919305205345154
0.7102831602096558
0.6130070686340332
0.7310038208961487
0.5842483043670654
0.6468121409416199
0.6895952820777893
0.8082223534584045
1.2799351215362549
1.2800790071487427
1.687127947807312
2.4863266944885254
5.042208194732666
7.69404935836792
9.802454948425293
11.992120742797852
