2.9544265270233154
2.494724750518799
1.9214736223220825
1.5324604511260986
1.4749630689620972
0.9424271583557129
1.0485553741455078
0.7867002487182617
0.7205826044082642
0.8132380247116089
1.129653811454773
1.7681885957717896
1.5837677717208862
1.5449861288070679
1.077895998954773
1.3049499988555908
1.549735188484192
1.8709524869918823
2.673308849334717
2.9849138259887695
2.5681655406951904
1.9375439882278442
1.2318239212036133
1.0463632345199585
0.936458170413971
1.2667224407196045
1.6085727214813232
1.676121473312378
1.9504886865615845
1.7474156618118286
1.7720327377319336
1.198007345199585
1.1603938341140747
1.0798221826553345
1.1283422708511353
1.0430477857589722
1.058716058731079
0.8916547298431396
0.663516104221344
0.5977415442466736
0.687700629234314
0.6884557604789734
0.6716022491455078
0.7065512537956238
0.6964012980461121
0.6985246539115906
0.7799404263496399
0.8187773823738098
0.8184918165206909
0.9076085686683655
0.9643374681472778
1.270453929901123
1.3764179944992065
1.8017394542694092
1.9345461130142212
2.0405731201171875
1.8618179559707642
1.7496784925460815
1.790398120880127
1.6779124736785889
1.8314927816390991
2.0692481994628906
1.9864922761917114
1.603905439376831
1.56846022605896
1.6339263916015625
1.7504162788391113
2.0136196613311768
2.082759380340576
1.521173357963562
1.203002691268921
0.9769558310508728
0.8213347792625427
0.7599593997001648
0.8510527014732361
0.8541766405105591
1.0836992263793945
1.342130184173584
1.267935872077942
1.0282015800476074
0.8271645903587341
0.6958066821098328
0.7897943258285522
0.8199545741081238
0.8904780745506287
0.8505735993385315
1.3617768287658691
1.8377089500427246
2.295684576034546
2.5211024284362793
2.133033037185669
1.2602059841156006
0.9174514412879944
0.8525564074516296
0.7660450339317322
0.6717143058776855
0.6345465183258057
0.666340172290802
0.6935455799102783
0.6346975564956665
0.6562045812606812
0.8004208207130432
0.8084203600883484
1.238420009613037
1.3700412511825562
1.055579662322998
1.1270774602890015
1.502265453338623
2.1755709648132324
1.8793447017669678
1.8428601026535034
1.6812609434127808
2.0210623741149902
1.2631009817123413
1.1738306283950806
0.7333252429962158
0.6199289560317993
0.572505533695221
0.5957462787628174
0.5497620701789856
0.5338332653045654
0.5637552738189697
0.6218523979187012
0.6747228503227234
0.6247678399085999
0.6531134247779846
0.7202500104904175
1.0582733154296875
1.7303321361541748
1.9197219610214233
2.1435739994049072
2.1203930377960205
1.9298391342163086
1.5254096984863281
1.246519684791565
1.1003891229629517
1.0841315984725952
0.9904924035072327
0.8005255460739136
0.7808083295822144
0.8672950863838196
0.9338508248329163
0.7796919345855713
0.6961548328399658
0.8068164587020874
0.8221279382705688
0.7258437275886536
0.75800621509552
0.8054304718971252
0.7390316724777222
0.6639543771743774
0.7369723916053772
0.6404498219490051
0.7714421153068542
0.8717590570449829
0.9364473223686218
0.7420560717582703
0.8090670108795166
0.934484601020813
0.9022762179374695
0.8808231949806213
0.7778523564338684
0.7384432554244995
0.8150489926338196
1.0161986351013184
0.8854816555976868
0.7250490784645081
0.7157748341560364
0.7295809984207153
0.7866016030311584
0.6065574288368225
0.586323618888855
0.6280370950698853
0.7397701740264893
1.2824275493621826
1.5124815702438354
1.5794329643249512
1.4572449922561646
1.574981451034546
1.7136104106903076
1.7625025510787964
1.4019696712493896
1.0194604396820068
0.8099955916404724
0.6892321705818176
0.5509976148605347
0.6183234453201294
0.6344593167304993
0.5210593342781067
0.5241061449050903
0.5719913244247437
0.5214759111404419
0.5150555968284607
0.6314728856086731
0.6455332636833191
0.6313735842704773
0.7210513353347778
0.846418559551239
0.9551388621330261
0.9501715302467346
0.7116108536720276
0.6888878345489502
0.7755954265594482
1.010902762413025
1.5369793176651
1.9515483379364014
1.6322945356369019
1.3858977556228638
1.495133638381958
2.0905935764312744
1.6589066982269287
1.354599952697754
1.853826880455017
2.018976926803589
1.6974759101867676
1.2932510375976563
1.0200865268707275
0.993299663066864
0.8416754007339478
0.7457547187805176
0.7491300702095032
0.895501434803009
0.7517568469047546
0.6317667961120605
0.7139616012573242
0.6437879204750061
0.6230050325393677
0.6198278665542603
0.6336811184883118
0.6988427042961121
1.1168023347854614
1.2673786878585815
1.4580572843551636
1.8066766262054443
2.4973232746124268
3.716277599334717
6.159082412719727
