2.449556589126587
2.029627799987793
1.709120273590088
1.4842509031295776
1.4085149765014648
0.9154430627822876
0.8890582919120789
0.6752558350563049
0.5934916734695435
0.758294939994812
1.0972198247909546
1.4521417617797852
1.3040869235992432
1.24823796749115
1.0132395029067993
1.2496007680892944
1.5370092391967773
1.8662405014038086
2.5304834842681885
2.7117857933044434
2.3299455642700195
1.8004618883132935
1.2285950183868408
1.1031287908554077
0.8913098573684692
1.1816685199737549
1.6388227939605713
1.836739182472229
1.989353895187378
1.8990908861160278
1.896499752998352
1.6593847274780273
1.3108402490615845
1.1287219524383545
1.1481631994247437
0.9935715794563293
1.0682132244110107
0.8502460718154907
0.5746926665306091
0.5718967914581299
0.6891350746154785
0.7193551659584045
0.730042576789856
0.7134168148040771
0.7007647752761841
0.7549222707748413
0.8157659769058228
0.866938054561615
0.9246394038200378
0.9519159197807312
1.1225061416625977
1.385840654373169
1.2623037099838257
1.4188467264175415
1.4610730409622192
1.5321077108383179
1.4281139373779297
1.4854121208190918
1.5861536264419556
1.5838578939437866
1.9115533828735352
2.3911426067352295
2.5454227924346924
1.9763506650924683
1.837812066078186
1.7109897136688232
1.747002363204956
1.5163549184799194
2.0109636783599854
2.0935072898864746
1.8604841232299805
1.1907544136047363
1.0007176399230957
0.7351354956626892
0.9375066161155701
1.086064100265503
1.2335262298583984
1.5449858903884888
1.5685911178588867
1.3415154218673706
1.046498417854309
0.7999285459518433
0.9263916611671448
0.9854745864868164
0.941606879234314
0.7744162678718567
1.175241470336914
1.866163969039917
2.2819042205810547
2.1469314098358154
2.0462069511413574
1.6225576400756836
1.1424906253814697
0.9946725368499756
0.941659152507782
0.7825355529785156
0.7481541037559509
0.825223982334137
0.8584702610969543
0.7450272440910339
0.7035720944404602
0.8288944959640503
0.8839563727378845
1.5119974613189697
1.6993412971496582
1.4543975591659546
1.6229201555252075
2.0332024097442627
2.281771421432495
1.7241886854171753
2.1465840339660645
1.6660881042480469
2.47538161277771
1.2662644386291504
0.9894616603851318
1.3738240003585815
1.1176390647888184
0.8721444010734558
0.795621931552887
0.656914472579956
0.5935824513435364
0.5598613619804382
0.5636162757873535
0.5873093008995056
0.6275379061698914
0.6431592106819153
0.7126591801643372
0.9799976944923401
1.2341266870498657
1.1435966491699219
1.4063477516174316
1.2631498575210571
1.2045645713806152
0.986886739730835
0.9541939496994019
0.9467446804046631
0.9855329394340515
0.9395264983177185
0.8089599013328552
0.7665278315544128
0.8852945566177368
0.9155590534210205
0.7366908192634583
0.711216390132904
0.8480250835418701
0.8261644244194031
0.6909508109092712
0.7137168645858765
0.7284402847290039
0.6522277593612671
0.6176522970199585
0.715989351272583
0.6745175123214722
0.7851595282554626
0.837402880191803
0.8672046661376953
0.7120423316955566
0.7029059529304504
0.9780142307281494
0.9291825294494629
0.7143058776855469
0.7059998512268066
0.6642008423805237
0.8102412819862366
0.9552022218704224
0.8997380137443542
0.6977469325065613
0.5703142285346985
0.571961522102356
0.6332741379737854
0.5760360360145569
0.5703865885734558
0.6746931076049805
0.7778469920158386
1.263973593711853
1.5637273788452148
1.6352832317352295
1.5399712324142456
1.7106890678405762
1.9694746732711792
2.1018972396850586
1.5229555368423462
1.1182661056518555
0.8405415415763855
0.7820459008216858
0.6338080167770386
0.6949642300605774
0.6989454627037048
0.5655637979507446
0.5721157789230347
0.6129273772239685
0.5367900729179382
0.5357610583305359
0.6474411487579346
0.6513828039169312
0.6294864416122437
0.6960563659667969
0.8507921695709229
1.005009412765503
1.0348323583602905
0.7973440289497375
0.6652750968933105
0.6780049204826355
0.832449734210968
1.4245028495788574
1.5025180578231812
1.1280759572982788
1.2345139980316162
1.120069980621338
1.0408656597137451
0.970029354095459
0.8715755343437195
1.0795650482177734
1.1332520246505737
1.028294324874878
1.0385149717330933
0.8502733707427979
0.9288393259048462
0.7277240753173828
0.7554842233657837
0.7959226369857788
0.9549051523208618
0.8164793848991394
0.6409155130386353
0.6967880725860596
0.5973477959632874
0.6215370297431946
0.6760696768760681
0.7560721039772034
0.902487576007843
1.0394331216812134
1.4438918828964233
1.3248238563537598
1.8077729940414429
3.036057949066162
3.492553234100342
4.854114532470703
