2.5796244144439697
2.012281656265259
1.755289077758789
1.4329643249511719
1.3933430910110474
1.0317593812942505
1.0990869998931885
0.7619530558586121
0.7129001617431641
0.946851372718811
1.4954289197921753
3.0187456607818604
1.8995782136917114
2.268329620361328
1.2978394031524658
1.464959979057312
1.4878275394439697
1.7518212795257568
2.3253350257873535
2.2970170974731445
1.964370608329773
1.4704207181930542
1.1630454063415527
1.1197681427001953
1.0186036825180054
1.2012966871261597
1.6773983240127563
2.190314769744873
2.1317594051361084
1.967468023300171
1.966158390045166
1.6962177753448486
1.25441312789917
1.1710156202316284
1.0990773439407349
1.046550989151001
1.0637357234954834
0.8078591227531433
0.5869081616401672
0.6911023259162903
0.7082486748695374
0.6593581438064575
0.7463147640228271
0.7517585754394531
0.708425760269165
0.760151743888855
0.8657687306404114
0.9712938070297241
1.0959506034851074
1.1362782716751099
1.218462347984314
1.3384324312210083
1.330646276473999
1.4217103719711304
1.3998932838439941
1.4921931028366089
1.509807825088501
1.5905770063400269
1.7143865823745728
1.7009141445159912
2.051907539367676
2.5139918327331543
2.1757700443267822
1.7645758390426636
1.6784651279449463
1.4929475784301758
1.5467612743377686
1.906618356704712
2.229198932647705
2.510812759399414
2.2866454124450684
1.5129704475402832
1.0809048414230347
0.8936943411827087
1.0014150142669678
1.2735636234283447
1.4322978258132935
1.8729488849639893
1.9499729871749878
1.5861088037490845
1.297781229019165
1.0167819261550903
1.138880729675293
1.2371591329574585
1.0787919759750366
0.8818700313568115
1.1162070035934448
1.4011324644088745
2.267850160598755
2.6517343521118164
1.8291476964950562
1.4670383930206299
1.223793625831604
1.2123491764068604
1.191571593284607
1.007973313331604
0.9697121977806091
1.0397175550460815
0.9807402491569519
0.8911207914352417
0.8348044157028198
0.9859607815742493
1.0041534900665283
1.3649839162826538
1.6226255893707275
1.4743056297302246
1.7482033967971802
1.9604384899139404
2.291005849838257
1.8635241985321045
2.0407259464263916
1.8527586460113525
2.724996566772461
1.6704645156860352
1.3412190675735474
1.1089458465576172
0.9135614633560181
0.7421087026596069
0.7369418740272522
0.6557413935661316
0.6337701678276062
0.6040663719177246
0.5953142046928406
0.6082783937454224
0.6430927515029907
0.6352031230926514
0.6880136132240295
1.0326051712036133
1.4690520763397217
1.7355722188949585
2.191462993621826
1.9594190120697021
1.7142750024795532
1.3782556056976318
1.295162320137024
1.1607221364974976
1.1577469110488892
1.0624359846115112
0.920757532119751
0.9235422015190125
0.9890632629394531
0.9634990096092224
0.7983123064041138
0.7711723446846008
0.8527504205703735
0.926051139831543
0.8283028602600098
0.7967838644981384
0.8589129447937012
0.7251355051994324
0.6751959919929504
0.7482277154922485
0.6950728297233582
0.805963933467865
0.8576595783233643
0.9046830534934998
0.7662048935890198
0.8105896711349487
1.1294647455215454
0.9361436367034912
0.7806767225265503
0.7339048981666565
0.7191537618637085
0.8558754324913025
0.9522604942321777
0.8727149963378906
0.6805859804153442
0.610752284526825
0.6194937825202942
0.6403059959411621
0.619083046913147
0.6656132340431213
0.7050610184669495
0.71196049451828
1.0443880558013916
1.5508140325546265
2.0332329273223877
2.440138816833496
1.8511606454849243
1.7705761194229126
2.0593245029449463
1.5318446159362793
1.1069306135177612
0.7471153140068054
0.6571332216262817
0.5657957196235657
0.602809727191925
0.5785061120986938
0.5512197613716125
0.5889986753463745
0.5957263708114624
0.5585765242576599
0.576579749584198
0.6867176294326782
0.6844315528869629
0.6406192779541016
0.7595862150192261
0.8632060289382935
0.908607006072998
0.9707406759262085
0.7402310967445374
0.6832139492034912
0.7148560285568237
1.0758800506591797
1.7712979316711426
2.1289947032928467
2.4837934970855713
2.019941568374634
1.8449325561523438
1.6316033601760864
1.6607997417449951
1.3574895858764648
1.843603253364563
2.151827335357666
1.7403637170791626
1.5257790088653564
1.0981411933898926
1.1598893404006958
0.8940181732177734
0.749602198600769
0.8090141415596008
0.9145238399505615
0.7705212831497192
0.6432372331619263
0.7102632522583008
0.6820439696311951
0.6950390934944153
0.6907955408096313
0.7129853963851929
0.7487175464630127
0.9833326935768127
1.8485592603683472
2.9768996238708496
4.897097110748291
5.921069622039795
7.051196098327637
9.208503723144531
