3.595280170440674
3.216620683670044
2.7273976802825928
2.316521406173706
2.165435314178467
1.2872976064682007
1.2296407222747803
0.9017719626426697
0.9264162182807922
1.279029369354248
1.483106255531311
1.4812676906585693
1.8109171390533447
1.8735909461975098
1.5775272846221924
1.9071290493011475
2.221376895904541
2.492908239364624
3.346555709838867
3.535222053527832
3.1684045791625977
2.418750047683716
1.6831929683685303
1.3364160060882568
1.1148433685302734
1.5540093183517456
2.4885311126708984
2.9586293697357178
3.892998695373535
3.684025526046753
3.7612314224243164
2.9537999629974365
1.900113821029663
1.5837678909301758
1.4410275220870972
1.057800531387329
1.1876745223999023
0.9588721394538879
0.7037937641143799
0.7319090962409973
0.8505512475967407
0.8034393787384033
0.8034681081771851
0.8878053426742554
0.7980725765228271
0.7553828954696655
0.8795610666275024
1.0173864364624023
0.9802052974700928
0.9920408129692078
1.2356257438659668
1.4775054454803467
1.3733978271484375
1.5054820775985718
1.704592227935791
1.9251116514205933
1.7918845415115356
1.9666441679000854
2.0335545539855957
2.039130687713623
2.186600685119629
2.3759875297546387
2.4350380897521973
2.090440273284912
1.9845972061157227
1.8707393407821655
1.795675277709961
1.8837306499481201
1.528414249420166
1.5517842769622803
1.246536135673523
0.9627053141593933
0.8745777606964111
0.8128604888916016
0.9154809713363647
1.0127967596054077
1.1645393371582031
1.6041003465652466
1.7125991582870483
1.3519078493118286
0.9514305591583252
0.8238942623138428
0.8586423993110657
0.8704490661621094
0.8264750242233276
0.7515749931335449
1.0918655395507813
1.7554751634597778
2.5234713554382324
2.954477548599243
3.2337417602539063
1.570830225944519
1.0790784358978271
0.9253994226455688
0.7749268412590027
0.6356699466705322
0.6326348185539246
0.6856452822685242
0.6893260478973389
0.6833280324935913
0.6583019495010376
0.7095152139663696
0.7887651920318604
1.0215609073638916
1.3610659837722778
1.3660738468170166
1.456856608390808
1.9360288381576538
1.9805537462234497
1.4797840118408203
1.9695247411727905
1.4827755689620972
1.6302430629730225
1.1976853609085083
0.8971568942070007
0.7707110047340393
0.7182432413101196
0.6398864984512329
0.6745133399963379
0.5929306149482727
0.5775758624076843
0.5728347897529602
0.5712356567382813
0.563816487789154
0.7213384509086609
0.8191396594047546
0.972104549407959
1.3367576599121094
1.8790645599365234
2.000135660171509
2.482579231262207
2.3548173904418945
2.352733612060547
1.6829475164413452
1.1885725259780884
1.025655746459961
0.9968783855438232
0.9442929029464722
0.7585153579711914
0.7071115970611572
0.8629533648490906
0.8651564717292786
0.6903117299079895
0.7256911993026733
0.8561851382255554
0.8224908709526062
0.6837376952171326
0.7452094554901123
0.8009047508239746
0.721996009349823
0.6587111353874207
0.7673529386520386
0.6871265769004822
0.7976565361022949
0.8217208385467529
0.8364607095718384
0.688417375087738
0.677467405796051
0.7236440777778625
0.7560744881629944
0.7455468773841858
0.786867082118988
0.7688499093055725
0.8799933195114136
1.0666431188583374
0.974794864654541
0.6736171245574951
0.6104898452758789
0.5495842695236206
0.5662541389465332
0.5361166596412659
0.5574533939361572
0.5909988284111023
0.6777220964431763
0.9848552942276001
1.1994318962097168
1.2530326843261719
1.2252860069274902
1.415678858757019
1.6608446836471558
1.832655429840088
1.4026328325271606
1.0169072151184082
0.8315509557723999
0.71921706199646
0.5850610733032227
0.6596082448959351
0.6826747059822083
0.5892651081085205
0.6044860482215881
0.6701832413673401
0.6415286064147949
0.6220231652259827
0.8010386228561401
0.8341996073722839
0.7322712540626526
0.9005872011184692
1.0866814851760864
1.037517786026001
1.081455945968628
0.9154692888259888
0.9272761344909668
0.9120082855224609
1.0992276668548584
1.5402941703796387
1.647627353668213
1.231596827507019
1.3691997528076172
1.2210149765014648
1.2058861255645752
1.1619077920913696
1.0945451259613037
1.662561058998108
1.7967324256896973
1.511760950088501
1.2954500913619995
1.124922513961792
1.295632243156433
1.1713447570800781
1.193800687789917
1.0693352222442627
0.9287389516830444
0.9343202114105225
0.7501667737960815
0.6507281064987183
0.5736104846000671
0.5588102340698242
0.5723469853401184
0.6174601316452026
0.6861096620559692
0.9034945964813232
1.0629948377609253
1.3852838277816772
1.4413293600082397
3.406951665878296
5.660794734954834
8.283130645751953
