2.4919159412384033
1.7628124952316284
1.4545644521713257
1.1966419219970703
1.160014271736145
0.8055167198181152
0.7752792835235596
0.5573827028274536
0.5006571412086487
0.6254323720932007
0.7197266817092896
0.8107642531394958
0.9694666266441345
1.0388269424438477
0.8452244400978088
1.0536963939666748
1.2959024906158447
1.7303335666656494
2.4084784984588623
2.6600265502929688
2.177614688873291
1.8176590204238892
1.241815447807312
1.110156536102295
0.7362244129180908
0.9148052930831909
1.084852933883667
1.5089061260223389
1.9516457319259644
1.6803557872772217
1.6410666704177856
1.2943058013916016
1.011582612991333
0.8714537620544434
0.904955267906189
0.8414291739463806
0.9006229639053345
0.6442009210586548
0.4936695992946625
0.46763449907302856
0.4628675580024719
0.4788553714752197
0.44261375069618225
0.4610810875892639
0.4899556636810303
0.5342665910720825
0.5756741166114807
0.5998393893241882
0.7066815495491028
0.7367770671844482
0.8258743286132813
1.1769590377807617
1.23951256275177
1.36851966381073
1.4370944499969482
1.6781443357467651
1.3940340280532837
1.385953664779663
1.4676631689071655
1.372764229774475
1.3876155614852905
1.5322067737579346
1.4542123079299927
1.1727181673049927
1.0419528484344482
1.086798906326294
1.0568902492523193
1.352539300918579
1.530316710472107
2.5475993156433105
1.3469258546829224
1.1355725526809692
0.7641249895095825
0.5869331955909729
0.677912712097168
0.6425179243087769
0.755988359451294
0.9531093239784241
0.9716174602508545
0.7784788608551025
0.5835188031196594
0.5141892433166504
0.5615383982658386
0.584479808807373
0.6561312079429626
0.5989819765090942
0.8070940375328064
1.2754970788955688
1.6498980522155762
1.8406158685684204
1.4557005167007446
0.938422679901123
0.7099412083625793
0.5979967713356018
0.5578801035881042
0.5003262758255005
0.4670720398426056
0.5068153142929077
0.5166521072387695
0.5207355618476868
0.5322595238685608
0.5459764003753662
0.5857361555099487
0.7299317717552185
0.9221376180648804
0.8044081330299377
0.8420043587684631
1.029119849205017
1.3440461158752441
1.0462744235992432
1.4291597604751587
1.1538563966751099
1.6736083030700684
0.9647065997123718
0.732692539691925
0.566048264503479
0.5128271579742432
0.4556725323200226
0.5614720582962036
0.48554015159606934
0.45066460967063904
0.45927029848098755
0.5036601424217224
0.5393391251564026
0.7472158670425415
0.9234997630119324
0.983254075050354
2.2795403003692627
3.3116331100463867
2.317063570022583
2.5910539627075195
2.80026912689209
3.5140421390533447
2.6628739833831787
1.921225905418396
1.50229811668396
1.3896962404251099
1.3537882566452026
1.1620694398880005
1.0424724817276
1.016467571258545
0.9579402208328247
0.8477528691291809
0.763298511505127
0.7650333046913147
0.8719138503074646
0.9302664399147034
0.8928095102310181
0.9002109169960022
0.7584665417671204
0.650848388671875
0.9030661582946777
0.9060319066047668
0.924492359161377
1.0628777742385864
1.0398586988449097
0.9578183889389038
0.7168027758598328
0.8323476910591125
0.8056729435920715
0.6445397138595581
0.6872657537460327
0.7032272219657898
0.9552595019340515
1.1239416599273682
1.1450321674346924
0.7388523817062378
0.5800127387046814
0.5644097328186035
0.5301254987716675
0.4879848062992096
0.5035048127174377
0.5274040102958679
0.5760545134544373
1.0059552192687988
1.1278632879257202
1.2017199993133545
1.204571008682251
1.2753351926803589
1.5228135585784912
1.7109816074371338
1.3385087251663208
0.9439296126365662
0.6115195155143738
0.4729219675064087
0.45721182227134705
0.45825982093811035
0.45700517296791077
0.4841393232345581
0.49110737442970276
0.4724595844745636
0.47519949078559875
0.5787546038627625
0.6448034644126892
0.5972169041633606
0.6444410681724548
0.820868194103241
0.8456461429595947
0.9332361221313477
0.7689389586448669
0.606806218624115
0.5240491628646851
0.5590426325798035
0.7061404585838318
1.1992508172988892
1.3901162147521973
1.209197998046875
1.3829551935195923
1.1486269235610962
1.293731689453125
1.3574903011322021
1.3307173252105713
1.7617539167404175
1.6771154403686523
1.3907389640808105
1.2444783449172974
1.029619812965393
1.2429523468017578
0.9702552556991577
0.9510303139686584
0.9551752805709839
1.0392040014266968
0.9574191570281982
0.7454693913459778
0.5946786403656006
0.5285624861717224
0.47967711091041565
0.4513583481311798
0.4835737645626068
0.48556551337242126
0.6686936020851135
0.8132113218307495
0.8648278117179871
0.73617023229599
0.7870954871177673
0.8915232419967651
1.3081333637237549
