2.7882814407348633
2.269941568374634
1.8740628957748413
1.633120059967041
1.5605425834655762
0.9362707138061523
0.933732271194458
0.6111767888069153
0.5702695846557617
0.8134029507637024
1.3757703304290771
1.6511073112487793
1.481427550315857
1.302139163017273
0.957638680934906
1.225251317024231
1.630608081817627
1.9720085859298706
2.7457516193389893
3.0390450954437256
2.63703989982605
2.084362268447876
1.3743047714233398
1.1230076551437378
0.8221848607063293
1.2952754497528076
1.7049533128738403
1.867012858390808
1.9413666725158691
1.7708934545516968
1.96315598487854
1.6265665292739868
1.3987915515899658
1.267865777015686
1.2671661376953125
1.0429860353469849
1.1304243803024292
0.802020788192749
0.5897084474563599
0.5901123881340027
0.8796710968017578
0.8225281238555908
0.7349196076393127
0.7947218418121338
0.7987897396087646
0.7514693737030029
0.7940275073051453
0.8436141014099121
0.8023567795753479
0.8157771825790405
1.0217562913894653
1.443724274635315
1.4353177547454834
1.5198365449905396
1.6076431274414063
1.7130467891693115
1.3861528635025024
1.4470622539520264
1.5533747673034668
1.478716254234314
1.5464297533035278
1.6858950853347778
1.6278899908065796
1.3373003005981445
1.191515564918518
1.1716372966766357
1.1671303510665894
1.5691819190979004
1.1244418621063232
1.9686428308486938
1.1766831874847412
0.8541435599327087
0.76707524061203
0.6796475052833557
0.7769446969032288
0.7908307909965515
0.9061762690544128
1.1755337715148926
1.1564805507659912
0.9240649938583374
0.7849920392036438
0.7286317348480225
0.690057098865509
0.6980568170547485
0.6905680298805237
0.6792807579040527
1.1082977056503296
1.6047327518463135
2.680147409439087
3.1667401790618896
2.0940258502960205
1.1880671977996826
0.8644782900810242
0.7157704830169678
0.6396747827529907
0.6369242668151855
0.6238927245140076
0.6884792447090149
0.6943200826644897
0.6801224946975708
0.6792337894439697
0.6836933493614197
0.6829831600189209
0.7711054682731628
0.9066055417060852
0.921573281288147
1.02577543258667
1.3281924724578857
1.552791953086853
1.2371416091918945
1.473814606666565
1.0823700428009033
1.5270601511001587
0.9615732431411743
0.8022950887680054
0.7027515172958374
0.6719700694084167
0.5796656608581543
0.6074879765510559
0.5387473106384277
0.5035603642463684
0.49796515703201294
0.5186993479728699
0.5323969721794128
0.708709180355072
0.8492700457572937
0.9988528490066528
1.460290551185608
1.8490313291549683
2.2631866931915283
2.382741928100586
2.4296109676361084
3.091221570968628
2.406965494155884
1.6208758354187012
1.436601996421814
1.3093265295028687
1.1776598691940308
1.1020262241363525
1.1104459762573242
1.042743444442749
0.9490927457809448
0.8298674821853638
0.829733669757843
0.8169698715209961
0.8102637529373169
0.7610495090484619
0.7372958660125732
0.735430896282196
0.6222954988479614
0.556429386138916
0.6664977669715881
0.64094477891922
0.7081459164619446
0.7746298313140869
0.7747653126716614
0.6416693329811096
0.633490264415741
0.7224749326705933
0.7226930856704712
0.6255056858062744
0.7142294645309448
1.1688655614852905
1.4368574619293213
1.6466724872589111
1.0871262550354004
0.7077844738960266
0.5556492805480957
0.542136549949646
0.5272514224052429
0.5080638527870178
0.5115010738372803
0.540934681892395
0.6415473818778992
1.1762102842330933
1.3243948221206665
1.3979982137680054
1.3508769273757935
1.3433200120925903
1.4890673160552979
1.5720983743667603
1.2334175109863281
0.9112945199012756
0.8068579435348511
0.7368908524513245
0.578341543674469
0.622185468673706
0.64853835105896
0.5502414107322693
0.5482054948806763
0.6348299384117126
0.5751399993896484
0.6247389316558838
0.7233518362045288
0.701572835445404
0.694449245929718
0.8401026129722595
0.8647443056106567
0.9977743625640869
0.9161794781684875
0.6695138216018677
0.6464565992355347
0.648815393447876
0.9686590433120728
1.893190622329712
2.603339672088623
2.5701866149902344
3.2112021446228027
2.257601499557495
1.1353768110275269
1.153924822807312
0.9968206286430359
1.5085054636001587
1.639432430267334
1.63552725315094
1.362913966178894
1.079979658126831
1.245457410812378
0.9689332842826843
1.0746266841888428
1.0643123388290405
0.9934705495834351
0.8356257677078247
0.6354725360870361
0.6118773818016052
0.5509921908378601
0.5272351503372192
0.546480119228363
0.5502936840057373
0.5841237902641296
0.7621772885322571
0.8779296875
1.016268014907837
0.8987098932266235
1.6362828016281128
2.183784008026123
2.3819026947021484
