3.207594394683838
2.7197701930999756
2.4001357555389404
2.0796315670013428
1.9958471059799194
1.175075650215149
1.2615268230438232
0.850429892539978
0.8181924819946289
0.8106642961502075
1.3388620615005493
2.0619566440582275
1.7823411226272583
1.8367784023284912
1.4748433828353882
1.7280783653259277
2.0219037532806396
2.3546159267425537
3.16121506690979
3.3035502433776855
2.894850730895996
2.2804388999938965
1.6022107601165771
1.2651352882385254
1.1007156372070313
1.6340317726135254
3.005976438522339
2.098466396331787
2.157443046569824
1.8863400220870972
2.1055569648742676
1.3982610702514648
1.100266456604004
1.0245451927185059
1.1310456991195679
1.1604245901107788
1.2754368782043457
1.0289061069488525
0.7423216104507446
0.7133162021636963
0.6167471408843994
0.5741963982582092
0.5759161114692688
0.7003719806671143
0.7191861867904663
0.7363303303718567
0.8672613501548767
1.0798916816711426
1.1418510675430298
1.14752197265625
1.3495851755142212
1.6283924579620361
1.5526095628738403
1.689152717590332
1.7862939834594727
1.85440194606781
1.7698380947113037
1.899143099784851
2.0337343215942383
2.074434280395508
2.340876579284668
2.6170973777770996
2.655062675476074
2.080824851989746
2.0560202598571777
2.273832082748413
1.9902509450912476
1.904980182647705
2.2205581665039063
2.130242347717285
1.5471746921539307
1.0836036205291748
0.8216383457183838
0.6204612851142883
0.7870373129844666
0.812373161315918
0.9536316394805908
1.1764894723892212
1.1337285041809082
0.933018147945404
0.697776734828949
0.600925862789154
0.708813488483429
0.7439744472503662
0.7599419951438904
0.6485344767570496
1.2383670806884766
2.0739500522613525
2.741168975830078
2.959573745727539
2.4133198261260986
1.3236581087112427
0.8699319958686829
0.7284881472587585
0.7003947496414185
0.5809149742126465
0.5564037561416626
0.5549019575119019
0.5330532193183899
0.5268445611000061
0.5669090747833252
0.6789354085922241
0.7021940350532532
1.008939504623413
1.2704683542251587
1.1317144632339478
1.3182259798049927
1.7065212726593018
2.1001579761505127
1.644521713256836
2.072915554046631
1.5099148750305176
1.6531511545181274
1.0850012302398682
0.798618495464325
0.6971862316131592
0.6341482400894165
0.5668410658836365
0.616813063621521
0.582242488861084
0.5908710956573486
0.6271845102310181
0.6406657695770264
0.6711640357971191
0.8598519563674927
0.8957679271697998
0.9040194153785706
1.191864013671875
1.5358595848083496
2.0801026821136475
2.6061758995056152
1.9946008920669556
1.7733418941497803
1.254038691520691
1.1786216497421265
1.1787291765213013
1.1473252773284912
1.0313329696655273
0.9508618712425232
1.0205217599868774
1.031129240989685
0.8837494850158691
0.7696318626403809
0.8373166918754578
0.8661224842071533
0.8060360550880432
0.7871972918510437
0.8969045877456665
0.9372886419296265
0.8505702018737793
0.7226828932762146
0.8484165072441101
0.7163709402084351
0.8188279271125793
0.8773877024650574
0.8993871212005615
0.7162542343139648
0.7582345604896545
1.0415716171264648
1.021442174911499
0.7977809906005859
0.8510597348213196
0.8856923580169678
1.1799203157424927
1.4379994869232178
1.4595377445220947
1.0005426406860352
0.7218153476715088
0.6563022136688232
0.6501860022544861
0.6136410236358643
0.5810381770133972
0.6142005920410156
0.6200507283210754
0.8445523977279663
0.9856130480766296
1.117884635925293
1.0631577968597412
1.151352882385254
1.418146014213562
1.5634620189666748
1.3461511135101318
0.9641518592834473
0.6849206686019897
0.5702359080314636
0.5383187532424927
0.5723679065704346
0.5819036364555359
0.5691821575164795
0.5768516659736633
0.5683059096336365
0.588148295879364
0.515836775302887
0.6025550961494446
0.6510753035545349
0.5832077264785767
0.602362871170044
0.7355750799179077
0.8325120210647583
1.0157803297042847
0.9038597345352173
0.877815306186676
0.9209389686584473
1.0429435968399048
1.6738423109054565
1.9851329326629639
2.167579174041748
1.7522436380386353
1.6468372344970703
1.2370144128799438
1.2367128133773804
1.23146390914917
1.8303353786468506
1.8272720575332642
1.6548460721969604
1.419003963470459
1.1370803117752075
1.1314865350723267
0.8828524351119995
0.8682931661605835
0.864976704120636
1.0162913799285889
0.9005350470542908
0.7377803921699524
0.7187307476997375
0.6222745180130005
0.6610170006752014
0.5602701902389526
0.613330066204071
0.6384280920028687
0.8495843410491943
1.0498851537704468
1.1448043584823608
1.1031521558761597
1.9203435182571411
2.390199661254883
3.4556798934936523
