2.6723852157592773
2.306668519973755
1.9284961223602295
1.650770664215088
1.5139878988265991
0.9022440314292908
0.8908945918083191
0.6998056769371033
0.6316025257110596
0.7563626170158386
1.033405065536499
1.1283698081970215
1.270521879196167
1.246712327003479
0.9930064678192139
1.318135142326355
1.6958895921707153
2.048038959503174
2.8772454261779785
3.1306729316711426
2.704916000366211
2.0832712650299072
1.3683263063430786
1.0837253332138062
0.7833301424980164
1.120890736579895
1.460935354232788
1.905057430267334
2.4155688285827637
2.387003183364868
2.6108810901641846
2.0733871459960938
1.3275412321090698
1.266264796257019
1.228921890258789
1.0399727821350098
0.9963682889938354
0.7819323539733887
0.5958477258682251
0.5628408193588257
0.7727900147438049
0.7853943109512329
0.7724093794822693
0.778143048286438
0.7954768538475037
0.8140130639076233
0.8456644415855408
0.9391638040542603
1.1340621709823608
1.1870455741882324
1.2650878429412842
1.3686922788619995
1.3399226665496826
1.3824973106384277
1.4353570938110352
1.427809715270996
1.1471790075302124
1.2017616033554077
1.3303159475326538
1.256171703338623
1.5616427659988403
1.974467158317566
1.931254267692566
1.417243480682373
1.3152023553848267
1.3446084260940552
1.6126750707626343
1.8633350133895874
2.5827648639678955
3.765965461730957
3.2303106784820557
1.9782341718673706
1.4340136051177979
0.8532533049583435
0.7852462530136108
0.8044589161872864
0.8934370279312134
1.1293847560882568
1.1497019529342651
0.9196978807449341
0.7986930012702942
0.7012547850608826
0.6953203678131104
0.6731832027435303
0.7555471658706665
0.6892562508583069
0.9411449432373047
1.3582966327667236
2.1059272289276123
2.633939266204834
1.7637546062469482
1.1760475635528564
0.8552575707435608
0.7186246514320374
0.6260820031166077
0.543341338634491
0.5378144979476929
0.6189038753509521
0.6845390200614929
0.6040803790092468
0.6430201530456543
0.688466489315033
0.703392505645752
0.8446817994117737
1.0549726486206055
1.0072157382965088
1.1013081073760986
1.3145688772201538
1.6076537370681763
1.235421895980835
1.6370383501052856
1.2421791553497314
1.7303506135940552
1.0982625484466553
0.8653194904327393
0.6733881831169128
0.6304531097412109
0.5915498733520508
0.5988377928733826
0.5326377749443054
0.5152388215065002
0.5317302346229553
0.5265052914619446
0.6096324920654297
0.6845571398735046
0.7049859166145325
0.8386040329933167
1.0876290798187256
1.4983336925506592
1.5237984657287598
1.7664302587509155
1.7258217334747314
1.707886815071106
1.254698395729065
1.0842901468276978
0.9887056350708008
0.9255341291427612
0.830733597278595
0.7902433276176453
0.7639487981796265
0.8310883641242981
0.8541621565818787
0.7319857478141785
0.7367106080055237
0.8178783059120178
0.7665596604347229
0.6268228888511658
0.7194374799728394
0.779434859752655
0.6845218539237976
0.5961477756500244
0.686058521270752
0.6253461837768555
0.7810067534446716
0.8425654172897339
0.871001124382019
0.7001789212226868
0.7072036862373352
0.7221455574035645
0.7522745132446289
0.721971333026886
0.7181274890899658
0.7526252269744873
1.1852482557296753
1.3628069162368774
1.4755194187164307
0.7715029716491699
0.6412729024887085
0.5832245945930481
0.599828839302063
0.5114679336547852
0.5312522053718567
0.5559001564979553
0.7180480360984802
1.525834321975708
1.9247785806655884
2.312459707260132
3.534512519836426
3.4270617961883545
2.8987722396850586
2.755582571029663
1.9943315982818604
1.19662344455719
0.8113648891448975
0.6561726331710815
0.5203498601913452
0.5540279150009155
0.5490728616714478
0.5021744966506958
0.523306667804718
0.5289241671562195
0.48134317994117737
0.5447003841400146
0.6499155759811401
0.6279603242874146
0.661172091960907
0.794579029083252
0.863758385181427
0.9774407744407654
0.8898375630378723
0.7023835778236389
0.6139389872550964
0.6690976619720459
0.8825277090072632
1.5567493438720703
1.7631300687789917
1.2850550413131714
1.3872507810592651
1.313468337059021
1.2713927030563354
1.2370952367782593
1.1714882850646973
1.9743413925170898
1.9766473770141602
1.5628434419631958
1.2327431440353394
0.8453664183616638
1.0540231466293335
0.8777708411216736
0.7519090175628662
0.8730888366699219
0.9279733896255493
0.7969805598258972
0.6556867957115173
0.737941563129425
0.5745109915733337
0.5693215131759644
0.5647799372673035
0.5916077494621277
0.6297674179077148
0.8987897038459778
1.2763800621032715
1.3765301704406738
1.6173967123031616
1.9016796350479126
4.416025638580322
6.94666862487793
