2.67795991897583
2.297898530960083
1.8774267435073853
1.5110046863555908
1.4198133945465088
0.9279236793518066
0.9063208103179932
0.7145292162895203
0.6085346341133118
0.7394564747810364
1.144400954246521
1.5887398719787598
1.3636969327926636
1.3454886674880981
1.0507816076278687
1.3229750394821167
1.621232032775879
1.9399914741516113
2.745352029800415
2.917710065841675
2.5071396827697754
1.9541853666305542
1.3347502946853638
1.160598635673523
0.921240508556366
1.2547558546066284
1.8006006479263306
2.0270836353302
2.113962411880493
1.919058084487915
1.8218629360198975
1.3352818489074707
1.134266972541809
1.1045695543289185
1.144718885421753
1.0930039882659912
0.9571641087532043
0.8591097593307495
0.5918062329292297
0.5630438923835754
0.7284926772117615
0.7736366391181946
0.7812206745147705
0.784652590751648
0.811375081539154
0.8654531836509705
0.8880057334899902
0.8713148236274719
0.9421818256378174
1.0213046073913574
1.0683244466781616
1.3616931438446045
1.5032168626785278
1.6700568199157715
1.6378706693649292
1.731006145477295
1.7418348789215088
1.9281604290008545
2.1005048751831055
2.0044636726379395
2.2493648529052734
2.3950328826904297
2.075735092163086
1.8511959314346313
1.7712587118148804
1.6771212816238403
1.964442491531372
2.538811445236206
2.4384777545928955
2.021472930908203
1.8063468933105469
1.2365643978118896
1.0428811311721802
0.8247979283332825
0.8436447978019714
0.8766745924949646
1.0200436115264893
1.2822414636611938
1.2356175184249878
1.064083218574524
0.8309323787689209
0.7086252570152283
0.7064113020896912
0.7053671479225159
0.7581120729446411
0.6936411261558533
1.1186577081680298
1.5094679594039917
2.3787496089935303
2.7575161457061768
2.5385825634002686
1.4093425273895264
1.0060290098190308
0.8305083513259888
0.7111161351203918
0.621232271194458
0.6172722578048706
0.6543412804603577
0.7097844481468201
0.6897043585777283
0.7609874606132507
0.8642762303352356
0.9123767614364624
1.201606273651123
1.5220972299575806
1.3959243297576904
1.4604098796844482
1.591748595237732
1.8651686906814575
1.480729579925537
1.8389086723327637
1.3008315563201904
1.6648030281066895
1.1335517168045044
0.9002097845077515
0.7427478432655334
0.6954706907272339
0.6365004777908325
0.6566029191017151
0.5992768406867981
0.5859288573265076
0.5885455012321472
0.6287470459938049
0.7207735180854797
0.8220638632774353
0.8123303651809692
0.9319092035293579
1.245546817779541
1.7590807676315308
1.8635669946670532
2.1114964485168457
1.9907132387161255
1.9236305952072144
1.3995897769927979
1.1648491621017456
1.036721110343933
1.0685783624649048
1.0698238611221313
0.899087131023407
0.7551935315132141
0.9614890217781067
1.1108404397964478
0.8672398924827576
0.7073487043380737
0.9488220810890198
0.9736688733100891
0.6862317323684692
0.6670598387718201
0.7491759061813354
0.6973540782928467
0.6016342639923096
0.6867843270301819
0.5988892316818237
0.7145187258720398
0.7546185851097107
0.8413991332054138
0.6980149745941162
0.7389090061187744
0.8357636332511902
0.9117250442504883
0.9062907099723816
0.8794598579406738
0.9056928753852844
0.9704990983009338
1.0887947082519531
1.099779725074768
0.8062295317649841
0.7959341406822205
0.6746085286140442
0.7316022515296936
0.5965798497200012
0.5987029671669006
0.6187466979026794
0.7501619458198547
1.788716435432434
2.346909284591675
2.258944272994995
2.104410409927368
3.0023210048675537
2.1295254230499268
2.479923725128174
1.7328293323516846
1.221921682357788
0.8255195021629333
0.736858069896698
0.5766876339912415
0.6472563147544861
0.6240829229354858
0.5298311710357666
0.6292344927787781
0.6620261669158936
0.5709642767906189
0.7062170505523682
0.8738997578620911
0.800403356552124
0.8728631734848022
1.1233465671539307
1.1931957006454468
1.1891748905181885
0.9703485369682312
0.7592310905456543
0.6300926208496094
0.7121848464012146
0.9509632587432861
1.754002332687378
2.1306512355804443
1.7697361707687378
1.7631032466888428
1.6967970132827759
1.757996916770935
1.4319839477539063
1.472894310951233
2.2524595260620117
2.2007617950439453
1.711409330368042
1.365361213684082
0.9755972027778625
1.2512967586517334
0.9883533716201782
1.032688856124878
1.2421733140945435
1.3801974058151245
1.1907663345336914
1.0582371950149536
0.8262578845024109
0.6779661178588867
0.6571826934814453
0.6313985586166382
0.6632429361343384
0.7274929285049438
1.0032070875167847
1.2015995979309082
1.3364224433898926
1.4013042449951172
2.1286895275115967
3.037410020828247
3.7999320030212402
