20.360808214537133
79.51907871942082
137.03665687869832
64.84912176719004
56.328756361377984
35.362825174035535
50.64652855518615
17.893988165269963
30.352620812930475
18.323135739214603
49.00625064209235
136.67073557842068
21.1922928590531
27.164663679097615
41.454564375436895
17.428240569025412
36.62542174227857
158.9568423240019
14.284727285397839
38.90127739091249
19.47395164551013
17.6770591708774
15.128275847593125
21.58448372250602
22.104422574769288
23.71813644297089
13.826066842197195
20.377624109890192
45.98565104293403
56.835144816938204
35.909625973708195
78.8734081427307
25.79471260996183
17.6788874247816
18.47238644726017
30.28581281811593
12.110582888861432
49.039425368850445
23.756035143057108
71.7342004724662
13.368251843435246
7.487798806291157
7.623457916863441
6.569886124493157
5.960864699921957
7.385446894565305
6.53515000092035
6.684540132902348
7.2842130706207255
7.07040090276379
13.965482960975967
30.701588313953025
39.96503533976524
56.53893266316275
45.785912961834306
33.603915910306036
48.96487617393255
76.10969328122421
52.86973623100965
23.339428878696722
12.569245018476176
10.578659683611571
12.083847789269381
11.401393725843691
15.881216275029761
16.829577069110204
16.892750329399163
11.88190592658731
79.03533004498487
34.71413282491957
39.22266800700447
71.22629574123621
19.343184497931535
121.88748190159609
9.462607219079585
84.3109395184031
10.714700821858033
19.71009580493976
84.49511528790282
13.358245007840495
17.338663100976202
15.416414652287939
33.1364470128687
7.499328927949554
7.3009186722233075
9.626155856439357
11.489248465489098
13.658831303723822
50.52010128607319
111.12329402709665
71.42766290700874
54.54697635311644
56.95544706954558
26.78766069736568
16.465407958228074
55.342555594004295
11.79163391235006
62.09805871394761
156.69896563517662
10.892436135234838
13.703827705360407
13.47301183354145
12.434523850539943
17.45201177980949
23.595777773816362
31.420851977355703
42.37756299722086
62.620367800099146
142.05700930410217
84.34244701193745
14.144604216193402
23.763787995157525
28.338721905349644
49.75510880006069
23.276653299376278
38.35748455380285
31.923143188668043
16.182087293098743
10.35761318735365
44.02315079987919
11.414783612293146
17.246620079644526
50.57241828131961
9.416467742106535
10.797447779255167
10.396738708128803
10.974768224842897
85.98402834558772
16.38396598226888
11.99495461426566
27.67101299458296
23.039395154916328
20.048867528997736
26.544554913400106
25.900930077167672
36.60721760264965
11.540184993436366
7.975316621617564
6.980220420294721
7.762959813151495
5.856059810414177
5.417041113734289
6.797400416407211
6.083070740941505
6.1713533278525405
6.226265393461376
8.669377288965892
6.774838587445766
5.736416664841508
6.6594061105844276
13.97666124564401
14.17605157560782
11.721055232131073
12.948376747118635
8.128294952129757
8.225276290784176
9.082986482595906
10.863838991506423
14.107163206772295
14.699929991441508
13.906423233039796
9.518445459329286
13.0631031910956
29.306864314292287
21.0907362785652
63.24958154120834
26.10892686585195
33.45501840947919
11.90953870313362
9.519874538425322
11.560132896030254
10.661481915857431
12.656042423614183
11.020040425590071
17.54564453304883
16.70488386354205
24.722843086139182
118.8042595252212
68.43644943455821
17.779178094448522
41.5114791494828
14.682818392950661
35.50537898112052
42.75198264305464
24.852432443792907
16.586912528938758
13.633776335997151
8.313237518987687
6.46641683337693
6.763065875515089
5.812169457694241
8.49438342000206
6.292500301097604
7.520713478982411
6.762571264748704
6.063475018205447
8.374750681188807
7.0357321666717105
9.327946669866414
42.046247573013254
54.2600335567575
16.58440849133217
28.66679844924901
23.50508602888029
30.77531554330964
35.745722392706966
16.154619273029788
17.31514318495957
23.41876991386273
22.4027261760722
23.447077498096828
14.075891508180797
11.495473402178037
13.90478890566546
10.19633650025001
11.553235186538565
18.149251801790612
24.10791712383192
12.299345444646601
38.55626198830889
50.74812419300621
20.902804071753668
65.24509191012919
10.650918071055303
18.2186260045412
11.021400326194602
10.31800546707939
13.647254686380547
11.80863463398275
10.053746111366431
49.19171548095932
19.169752428277846
15.501150800851606
63.4606972500996
46.79992331326464
55.12893573849136
