21.284732417799543
40.0911425220325
106.73775879070094
45.00991927193683
18.474524240162452
15.183798103237583
13.058289323287918
11.188369145395455
11.433045453267773
13.02040371767634
16.56006999657355
46.295376207239
20.24644723894182
24.790328754459328
78.07427935819773
55.96849370557601
68.57318538187586
128.15240445807672
70.20641383586688
79.42025804479537
61.857677916068944
41.601410540991004
17.862870496103547
37.34569680494723
26.294921050081197
26.291783348036667
11.651957947049498
16.458366578362806
53.50536194456443
31.922641156670743
28.95989744909373
86.06613350388679
22.27295696410337
18.167052576349533
17.283363827609858
52.63982769934238
12.185085879183482
10.223664458592193
18.169425189827827
53.75340758374444
10.169907741428343
7.151608421968556
7.105632676329719
6.344299062778689
5.788349894316183
7.39566502668094
6.37049129480303
8.52796627747146
6.943454123458233
8.848386395019617
9.453743819095529
9.607672336554641
56.05439658208321
21.419686197490112
11.649289157232602
13.364226143411484
15.006010090844141
118.35456941654923
23.96715531944208
27.500385215754683
18.87760078825895
9.308495787761538
16.80038578278368
84.52369875329488
25.0341330481922
23.62998116946506
18.330277540222085
10.481261931261816
17.130507530602596
31.67121888394454
72.37476739681745
130.08811815062256
44.361110059402066
67.7271189892012
7.98542690866765
21.822176553003917
10.777975255449455
14.91502646460699
86.60453630852102
13.09294731047523
17.607999957736833
14.272925169931401
26.773064868155462
8.668648741705578
19.286460413264024
9.63664807591271
9.842103029993918
11.9993404027672
17.75014532089666
168.0154283475918
17.07188729585206
40.38391667976419
18.623494346889157
11.329998476613653
10.826603378359296
58.62576709853472
9.104488350915204
48.53546095381928
173.53988980011235
12.860698500731381
12.355686153511137
12.14197175502408
8.287144247588467
12.697027239387419
18.687553777030104
29.6347306282981
35.25971676799929
15.331076666234955
75.63279216880538
163.075423231989
12.277679239400463
19.201914959545316
9.716929317730447
16.559934954808636
10.319800135798292
64.68825845323889
27.9937644790792
12.595724522740072
8.408583884360075
16.528554299086476
10.242964704250378
12.812142997151224
8.421631250589893
8.711047964755322
9.22263442205823
10.58548781510359
9.933320258431369
49.537263345215536
13.788681161560143
18.635383026187274
73.6575285304059
80.34723924181004
53.63266688822781
46.0866329956209
51.329133275243805
20.7853167583057
10.780874525306048
7.195615568922176
7.242956907851522
9.006535366459039
6.016198263187168
5.954828500254412
6.883968697693515
6.749196873271416
6.567934167075478
6.37116787905437
8.945563597401055
6.5077536481553295
5.93996331937425
7.653131631123962
17.65814142324546
9.997164480799523
9.370647192082751
13.15955636069422
9.21579841361506
8.675565148129273
10.09334754722545
10.49827873663777
13.614816463380697
10.732527127596429
12.821196460205243
9.277300182657667
16.504837169374266
18.529586358571358
12.962352528435327
20.42535318204013
16.844649886398965
23.398543337372914
10.380278579418297
8.430550370814032
10.947373486291593
8.765046802068397
11.524597268577377
9.905804543648312
11.308317165752115
16.9642722352879
14.505122508996164
10.314668763831152
14.730835846593362
20.241207702799127
16.690160352398383
16.9516799579121
71.98710583807262
20.18608565051492
13.809783719556199
9.62397122210468
9.144811576694218
7.494048122816469
6.188266176330411
6.613891877083116
5.664137741122191
8.083341152217745
5.591238744956584
5.940647208895123
6.915044318060871
6.682583525905154
7.756284885325028
6.439934282300826
7.920626591259268
13.06607563193919
12.926666974773495
14.918627753418175
20.970117480159608
14.48848303189799
103.96909478925097
14.49605182649242
78.33036227827874
39.26717057621636
76.51189770282777
46.24332545109564
24.399053596698625
15.788700025418867
16.169453778598506
16.007023850502488
27.59977937394277
35.99644868386816
51.61880124018946
24.204464902453285
14.721993518558538
38.73318293525987
33.14575430890303
17.42147578078283
55.0401459354417
9.75783480831382
17.402562345833687
10.502884450529418
9.808673603818171
11.413321861880542
9.811366253803813
8.537898910750325
21.234446902343503
19.679707431170726
9.81286885541622
24.30501168748376
12.068314874652659
48.957527649438504
