17.373187868844592
70.13074472626315
132.23932361708304
82.83977376035867
60.08446821484154
20.541889277831128
24.6518438315121
17.69768381717635
11.610444851890772
11.035204980955907
18.50942246949171
51.57420439857601
26.128854204455966
28.86328459017721
23.677109237573816
63.33455804823422
79.29141521712732
134.36641395785992
90.41086826463659
71.85195279533119
31.46962521656838
46.240692631841796
39.07300598238326
22.609709384330987
21.708571225259373
26.17252237995763
12.097874036396576
17.57829918402472
53.74991683301381
31.73079881525555
28.178106129506183
63.917375036048234
16.588078467372817
16.959904757090687
17.73206592729837
33.793913744015256
11.476898104882375
25.925043091425582
19.343500887644772
43.66037934735304
13.030412349501766
6.998639208671618
7.359613748222598
6.058958993854346
5.834223984525078
8.174244681044016
8.10894925045566
11.191627209461997
9.416455647734406
8.103060468920727
12.664885142337152
24.497232681373998
73.22538054267781
147.16884369710874
50.95987199264784
37.59916185176142
43.326586087470325
64.2299009041681
21.068635166876135
14.3695313199567
12.456405549187492
10.168811416467792
12.192327376388826
10.651035877723405
14.28235065427081
18.593245787987406
17.659366066956384
15.918495932909138
19.34223579831949
27.748914230523475
45.82003679210448
133.03315299412773
19.05376841230356
47.544164151804274
8.889293688932437
26.50698757710055
11.386031521763067
18.542752049837983
89.0525745214827
12.43023334974038
16.737070408796075
15.42395266747324
36.187623144981295
7.310458740475825
7.3215821717114675
9.350698810783818
13.749379517300039
12.820103619889656
20.420065596690772
30.47513207452102
51.642252033699094
33.375168739294125
33.20087946421371
23.11015030391836
23.038919135786454
77.47828543125632
9.481153975267459
50.270055661812385
165.5693534598764
10.980512091707372
12.955502587827556
12.304025117782276
8.65407048812673
11.18500057882395
17.405982215046855
75.17615121740059
25.925921697099373
60.259900702544215
121.3983136461418
75.0739416640478
14.107734521780618
29.426959527597173
13.350639926975047
20.236932815913406
16.840937566064408
25.133438243888822
23.01960728626279
11.858398566153884
9.237378638249123
8.94874072069911
10.56096086931703
15.288583153216479
8.791187292424896
9.07698695672732
9.426813866146032
10.385846295288905
10.572066930895746
51.04783937508945
21.597562119717658
18.603294557217964
27.112077723035476
17.125163279875434
21.427098571900817
19.79798296049906
28.82863350026929
21.144578402907246
9.879327652395466
7.198050951664482
6.988743093989526
7.956521514327629
6.072899423161844
5.716177894375092
6.766119982858999
6.143411778359124
6.385719014474681
6.612396185255483
8.540958597923566
7.796521107224296
6.390415303835788
7.392291703942868
14.782370231830464
9.45171990356525
9.518039079502318
13.125758722275618
11.41139677516036
8.88762571561939
10.231186287833827
11.549064127560722
15.579776647259541
11.60372357273457
12.643329831300909
9.202956797435817
14.770977410738821
27.360844822420347
19.143167608566824
58.613163534262746
28.22866855477692
22.9412748376497
9.955911427083292
9.280615426086346
10.768648018874941
9.575288268939552
11.758365749752839
10.282687176157173
11.859685882228279
16.92572936028552
13.91576911281806
9.770693664094436
14.618108303765357
20.981294153848264
14.588162286940866
16.591583457522912
79.19678547483814
24.476497437921466
14.19408364285544
11.029483601107449
8.629987671775547
7.401098374453198
6.961976275685894
6.144757603602922
5.545248229277719
8.528937641360185
6.152997245055399
5.941416582203208
6.102414969266234
6.363898433663468
10.859270295612454
11.056207587726025
12.724069235689994
79.96086460301817
49.898493802452364
11.706256703502914
26.583335619036017
11.149393370288658
66.81792660006997
9.433557413145696
24.20461471283439
84.1001825982826
37.059594768787456
25.437636665719328
12.245245436705542
13.293807745393572
11.448802394581158
13.758035325684714
10.557357038752167
13.91311490341047
18.303227368725523
25.14809347704996
11.80425674234941
29.44532246838543
62.935024624128026
15.125479585955034
43.01249644128381
9.554671249612419
16.93435927329673
9.671291146952154
9.896097518792022
12.594366610246759
10.185194519816353
10.05544089361892
123.85828391967226
14.499814763666913
11.961117632040297
51.92851367429417
10.613717396207203
59.99566738908264
