11.76407145211316
34.079155467836294
45.47853102356017
24.397029033231814
17.232750243678822
9.893281249074528
10.668373958740965
13.269886188401028
11.308921491481298
12.708991567565388
16.464851699546063
32.20113288804106
36.40198409428496
18.07795925963181
59.33965764423223
55.13090379475273
70.3011086359581
154.93502100762788
85.9260261729144
59.990668936944054
77.45163890311566
21.588556605247735
17.0859168647257
16.889232388433104
14.298576170661708
31.663230709570083
13.575097545105432
15.220182397156176
54.01870830529024
28.36881380966832
38.71323475938798
81.53241765672922
17.03682750443679
14.265265412813799
16.009844103020267
26.401348785262936
11.193679587584345
13.525613206096006
17.444322828282875
37.0110415280117
16.589398838580827
6.938813341203619
7.2236578035698145
6.128430970035584
5.73940512405204
7.546291734711983
7.501359424640443
8.71770828837035
8.392979191855076
8.940095363484012
14.302443924099572
17.50207409264419
82.49385928615327
83.48929098268749
25.654434561977013
70.80812531405395
30.789037518911766
133.7195652780547
19.890306988001328
32.68542316114056
15.031676211368472
9.643830162362407
11.296949175825379
10.289213148808853
14.244082045580424
20.52043054595107
12.967062591941234
13.17771950027989
17.792342262334788
14.174612832745732
52.33753163730587
96.27358621285833
14.456481688005606
68.45577461199
9.000752954183932
17.571119913812353
10.76906337613427
19.54249002613261
96.01822859270077
12.339274881024576
18.08876478841571
14.717042951850967
25.967806116302764
7.540158176038583
7.057360442022067
7.9776473466251865
11.116400143808258
11.760460807550242
20.082026392505064
88.93264724875893
65.50273847153936
25.984723084922955
13.738683430068109
12.985479683965384
11.844795066136063
79.73124729560416
9.818556314467441
77.51673056237726
172.5135665920554
11.360159663836555
14.198329360357517
13.459927973926943
10.50923430353568
11.764405885838622
29.647236221902173
50.75102154187879
40.67705639691371
42.47666429957028
116.84364300787405
151.56441480996645
13.293111099185092
22.66630145509967
11.40020642913495
16.711709577065534
14.28872453761058
50.28904094705356
26.343907517856533
14.325837927253113
9.172893012340548
14.215123152974503
10.63007767489096
14.527174220058889
9.061395149877566
8.872008100429328
9.019870703552733
10.361403862451844
11.970869572962805
77.77011370521437
15.4393744645979
12.569037461838477
33.04984553246551
26.587705210022705
25.917090202077464
20.626864550239528
29.636999637462807
25.904638868277917
10.17190369727725
7.407906193894081
7.032470071312086
8.804231098467234
5.8089142232164415
5.454717197874871
6.743324915786104
6.24128098765293
6.101128638888827
6.419254299962584
8.393329873292393
6.2180985403764915
5.837181710313086
7.377221236321392
16.869619423015216
10.114224717496775
9.543823752290178
12.792496084131585
8.482356833954341
8.671070256724864
9.749667781841971
10.506570611779626
13.74582209003064
10.985207365246099
12.445397229596978
9.170193461181087
13.790394348636603
19.031304961725965
28.793487921548422
148.85053424654535
25.536169367098495
38.918776728739644
9.428246421307556
9.215230819409191
10.622751881368279
9.168045439305935
11.417854336246583
10.19484407213036
12.163242402105157
19.184719789905063
21.532726613893686
43.637182820542456
15.892794711926989
38.51610975728237
17.623401240830333
14.583181260728102
70.9259765754471
24.512838131730362
19.94290616408091
12.603252426271911
10.7314424568963
7.529501900508604
7.547611442042845
5.901450522975588
5.6675543228719025
8.512420873266057
5.822492064759783
5.789469899678502
6.513347772953753
6.0401013448254295
7.017017955176162
6.472721489553689
8.608001872551947
14.362243189369702
14.069785628715488
24.05066262977805
18.250207517778648
14.75077863160535
43.65059757384937
9.39697142099788
17.169906528569815
13.902352996438657
30.330876064000496
14.892603079286802
33.56894449179026
14.39298359731644
11.984162187123722
14.050390438264426
10.748385035119359
12.01768229675176
17.94302584824393
20.406125451541158
13.841117746485576
71.09713452913297
28.19818412003126
22.366711881701672
69.06655659697508
9.344516056010706
18.174756227839648
10.783134537042525
9.2025688182175
13.442186014250577
10.08294429899845
9.597001967118427
69.33055273542415
10.770874324762167
10.685004414658218
16.904772382081024
20.441027747506876
62.86644428278891
