33.5635
16.4755
82.3465
36.8473
33.7011
27.5397
21.079
15.0585
20.5086
15.0695
14.0209
28.9557
26.4482
22.6697
27.3542
36.8791
49.5812
67.6835
37.2748
53.3154
53.3326
54.4056
32.0331
34.3304
22.885
24.6469
16.0475
12.8028
18.52
75.3726
12.7559
43.2663
34.4272
24.1254
19.5538
19.4065
17.9728
14.1922
18.2366
21.7807
10.7157
11.1048
9.36109
7.26996
6.0775
7.95265
7.19765
8.23538
7.05503
7.38159
9.58066
13.5719
27.4535
55.5761
33.0262
34.7099
39.9454
44.0783
41.5551
19.5133
12.1688
17.547
10.0119
10.2047
18.8976
20.024
25.3444
31.9531
18.8278
35.1195
46.5017
70.8313
32.3101
28.4162
14.5032
15.3395
17.0416
14.221
16.0689
13.0565
13.437
17.4847
20.3719
9.41145
9.26538
7.70895
13.3506
13.3775
18.2261
25.1464
35.6767
32.7684
41.3228
39.8982
21.9804
14.2885
16.3799
12.5177
11.2598
9.71299
13.3289
14.0047
14.831
11.4923
16.0013
29.5524
18.7554
39.5651
48.6254
25.2872
14.5325
16.7734
20.5845
21.6073
40.7342
14.8694
39.9005
17.335
15.4065
13.2848
15.1401
16.4392
13.8262
9.60267
11.1933
11.2122
12.5773
13.2567
17.2581
16.2011
25.207
39.5114
30.6737
29.0125
37.0044
32.0961
20.3339
8.14208
7.12586
9.05425
6.51812
5.82623
6.99022
6.54363
6.42854
6.30432
8.27613
6.9109
6.35407
6.57081
13.4804
15.4773
11.2617
12.0689
14.2074
9.11871
9.3172
10.075
11.6855
16.6292
13.7538
12.6238
12.1361
14.4447
21.7466
27.8027
24.5795
49.1136
20.1813
11.6539
10.0711
11.921
11.6372
12.9073
14.1336
54.5819
22.4113
25.8285
20.1077
19.5486
28.6357
18.2985
12.6354
60.7889
29.2141
15.037
16.2752
8.10905
7.04374
7.00345
5.59346
8.61497
6.8084
6.27655
6.70649
5.93963
8.4965
7.37373
11.0441
17.033
39.5158
21.5186
16.4495
34.1817
15.726
28.3549
12.3241
19.6562
31.2989
28.5399
17.4186
27.1899
16.2085
14.1998
17.3658
18.8067
17.0959
23.6528
13.1713
21.2406
43.5097
19.9299
14.8382
16.7962
14.0858
16.8936
11.3171
12.2645
13.5421
12.0991
14.5028
11.4922
20.2146
10.2798
20.2603
20.5289
