32.162581930084166
18.935005689446747
87.23696976725486
31.234053458357902
63.428963035015556
19.292415657343934
35.025159609933716
18.594652946347992
16.99608157480061
12.252706944132942
12.349621032937451
14.896808555788944
22.768065820244182
23.54145945187125
23.396874948475926
29.75579107327466
42.305252897208035
76.60533978177601
28.541299804140223
58.52976504675503
51.90717758447366
70.27364195953385
60.04448539484189
22.394625182657624
27.06059814819638
24.738688568494705
15.813944025122705
13.868739933164779
18.06655746288682
67.10774962603953
11.815957216786517
35.11119023451698
32.51543284748129
18.66834659446255
19.48632093591215
20.08916471842708
20.2551845198553
21.049356705720243
14.752513555559124
22.9855928658524
10.641802496295812
10.643626435315781
9.653776929133034
7.024946327639307
5.975727701174583
8.189676275147187
7.691066779955468
9.216969578058947
8.339460808944962
7.311342685985533
9.811878666293806
18.667165441657925
20.997268118060415
69.84498614627522
41.999245135198265
52.124544440069485
24.332977142695867
66.92076628533738
35.79888093378115
15.057658086181423
11.352398330962655
16.901277147756968
9.21255439049437
8.883362383383291
10.479906722719473
15.230853781198604
18.311500596538796
22.49306746287559
10.422799595395562
31.148792654625577
50.76876345612056
131.76172168738742
26.818338108015165
22.288791682928583
23.07363338016814
16.79351208612243
17.64506505274839
12.610863670579958
16.046952334872426
11.029455791447313
13.226783822125622
17.486551326292002
15.87677108451435
8.77039299851928
8.323075696607646
7.291259215401925
13.541363504352438
14.32550623738071
14.157896674917174
16.477744205741534
55.51962091474856
24.514763367400032
59.19917346480413
41.71646095624912
18.292440286285924
16.092873864921938
17.644584664245695
11.476091241505351
10.61520427429501
9.586893287683207
12.595581264840531
13.624429245629457
14.589766695806665
9.559920077464106
11.028250849253842
33.19409742940963
18.49099864501204
48.884442572867044
88.66030621361958
19.64800868675942
15.339311855597327
14.481623637235526
17.55797561819283
22.72968378959809
45.3788238184309
12.83371187781271
27.498044991115883
12.177452777041937
12.519209933310602
11.76168616494467
11.1359750490422
16.825454304437862
10.45649837940078
10.068049252288663
11.163516436987614
11.328183963007234
12.557847953151335
14.173657054551553
15.903731019361517
16.352956920445926
21.0523190114316
30.88123353686901
17.959089597899183
16.8696627495654
28.756291883710738
26.485132050398047
11.431499308218203
7.433884419442782
6.997949157016113
8.403250889950511
6.635266564008699
5.773596056008148
6.748155712838232
6.305804978897725
6.299160118479933
6.357137042654788
8.063100304549753
7.6823295003476195
7.604616746302415
6.636860060195846
12.932596244096644
14.832544246233656
10.239110646429262
11.280890632396334
15.37824730915006
9.90899945025194
9.437621349892275
10.735300025583548
12.557058138054044
16.958401415653835
13.681507283049275
12.387098477844797
12.062990953162485
14.923744319107549
18.65699218316488
61.48203609433846
21.788820630786965
46.48740423444371
19.092776384959347
10.3718145628871
9.76548616296088
11.687350408211103
10.910155560811699
12.61724470134171
11.21406649830213
44.96459546182316
17.989622275084926
10.587744462527628
13.202508886078792
15.854219729178823
17.83738728437564
15.178979793576547
12.95802749509089
81.74072872438065
22.651965167861967
11.850788760843939
12.777870492494158
7.779262004671944
7.1231981834202935
6.617790120707594
5.550249087724002
8.677121523800018
6.838085393586366
6.122992822142481
6.270931981160141
5.940921298429942
9.745000754045275
9.203794100509057
14.182607772701504
18.182172145759512
86.15351553570594
16.181586792489465
14.994238972883045
11.73725450885272
13.59893873748006
10.037257230640316
11.60071004469756
15.09998206779765
79.34649797195621
24.3800405789299
13.42019396642602
14.685527505379353
14.519009125788468
12.409319576439044
16.345076781173947
10.096770942040258
17.50858938147852
19.73205646203913
10.735119725508163
18.740169490595395
27.768592010878045
24.340487327219538
12.377667917882729
10.77823677918282
13.58001503677126
17.438298890528507
11.886156547193536
11.960153957952018
12.801593991222827
11.499594944439902
13.427688403960449
11.254065726812348
19.172509388149734
10.930163664165404
12.674915222683847
15.40953462291826
