19.4261451854605
56.71046789826811
74.97974145434453
54.431439616758034
20.496684423311162
10.507160538457937
9.616707016016088
8.97507063065374
9.839363938217108
10.768872174598174
15.429434341560185
54.64658852185287
21.596154073183545
22.022462040779264
19.301316816823107
56.243858425221795
68.6555064911822
151.28102017668033
56.16390619495995
49.63229847527081
29.904966774834293
60.357291889634595
16.839062824715334
73.54338924919453
18.287597358728938
25.495530175401164
11.009525836652282
13.792204614822253
52.21062744460219
25.101947786883276
29.010339928755524
75.73322339733853
17.099375154944873
14.68293447867198
16.248556723333426
35.95595806347234
11.174183150339733
9.673753807545674
17.7067164939305
68.3513710066588
9.445359942214973
6.9634613228112885
7.18319037409521
6.791232981421705
5.92749266848609
7.7421670790823685
7.874424377087359
8.528149578922102
7.15424696868703
7.276781360261876
9.151403979543318
8.888519746083798
17.150108571522473
157.1529450040577
39.29516131472729
48.56710051462907
39.26513418679105
47.21276180195344
77.57701670733971
16.33703593459101
10.956693078222687
10.597977446819023
13.859165852743102
17.62472015935108
32.59913520164121
79.99395839104562
52.09707736814818
30.472308242907992
120.82975537307149
62.7476669119096
32.71897818030145
51.922182134868656
29.049001795665443
26.25108283812628
9.047884096754215
12.110454623715109
11.144309890579178
24.22898736494607
107.61175711235572
19.529602204173997
19.384812264073076
32.20075211879687
19.82095145035057
8.275553146839986
7.719948447206727
8.38905828750982
13.173552984947671
15.78518448965646
45.47730198527532
135.4523685331757
62.21624522554928
58.05467492765162
39.303212956949935
22.62898181908891
14.750380330313805
65.85735126527074
12.54971335143842
59.03155130384739
165.94480642141127
11.962352146278503
13.265717044132698
12.872500462893523
9.494155612560204
10.48630514831851
15.331283184695684
25.618533645020797
38.69738269167027
39.36388104223888
131.08882445165665
71.39136894308544
13.265691896262782
25.576630598150224
12.795750432628008
53.15141873061303
23.074915006157777
65.71115399241998
27.988986496169804
13.404113918117876
9.4584016762975
13.200801666953401
11.30837481733247
15.480390097563276
9.192986660179903
8.927285147454171
9.108766507070747
10.304147520871592
10.623932930968747
80.97934993978508
15.76006797692135
11.975578805383956
66.82499780966937
88.19876510170343
83.01572137337632
76.21267515707058
56.2063327262886
17.34763076354566
10.182570568491972
7.6495897314666506
7.19071719020722
8.66880779906104
6.370518439184151
6.005239290148846
6.844144682374753
6.502525401018024
6.670337711217098
6.241621791160098
8.548487615085634
5.9963215104772205
6.287166180304283
7.389826408336587
16.732828186544943
9.760542835226317
9.504248851886896
13.140888631431013
8.464985707448399
7.937635876391293
9.964575156522066
10.52780757574314
13.680974483699426
10.957079017649916
12.710034049611822
9.273281911724395
14.600621116162364
21.356545536568895
13.948871980170393
40.43155674166962
18.417632459906024
21.654824850038953
10.049604734433878
8.843830505214774
11.035309468196054
9.271965245812265
11.565823410973373
9.901847511101591
11.459290890135243
20.764363071904835
21.274536054489555
11.08690920700448
14.454206218956715
19.802593548427385
19.182475478712675
16.06687413738039
73.96004372342732
23.78776871597455
19.07772657603917
11.169642751649546
25.228465196815677
7.14233862605112
6.834603093138658
6.069780741677961
5.6511761760492245
8.941188197143605
7.021684424939361
5.768616687621749
6.467743863606351
6.0977861931028094
11.117163604813385
9.932762436350977
16.98251303269456
84.5714573230024
91.80700915889786
21.10283850831422
31.330453853320822
15.023538983076067
52.17658969457537
10.36048779318001
16.897737008360764
13.712794574369989
31.445374718678167
13.65471670550237
14.970643373428306
14.876990112338556
12.86305072870953
27.301612294196513
31.958674056358944
47.97861368784821
63.24878900058069
33.687714193513926
25.527278923330393
20.989443281364444
105.16424971813271
22.245875953008373
45.21254647527762
10.265869189433387
16.248718430180475
10.017096216609055
10.86960184743165
12.76806848645911
10.338281159066483
9.577710871436324
59.52051051023044
12.351727921777893
10.05408391214081
22.08294113292024
20.205139129678535
69.2061368008268
