48.440197828181766
17.189607204696223
72.00783852493315
32.34417099698171
23.787582281076688
17.49475830181871
18.051466173635298
11.273794319253286
19.468666097505007
13.385260162166757
14.287462946934836
13.447524131428839
16.293969239530995
21.145635096178964
26.246903499235984
68.89050363437993
54.04352465617453
69.44575759538577
68.85102391522886
46.32717544410106
51.356022590036076
62.26101591282613
28.303403528328293
68.06507387035822
26.67663091354616
27.527065096095132
17.422752793164115
12.324345370297545
18.92038577713004
69.14809381038769
11.582675573557523
36.79756285055754
38.88253458672317
20.47803520546133
14.085197970540905
20.54972639098472
19.886505248311195
11.595246348911603
15.427429248833507
22.293628347173343
9.45527817057114
11.331955894044981
9.706698918415054
6.959760916792431
6.036774806569398
7.800223441440783
6.512322310170703
8.683533040100334
6.998429688459975
7.306367895242694
8.743313342619572
10.804035646905344
13.901439016789487
66.30691600365567
13.570501324300414
17.248400224235233
13.694447574877973
12.345852368744833
15.240218511617943
27.838545023789823
14.256692303131524
11.481995263687834
9.405556194934803
9.629298821757795
79.99192822473888
25.83345798441573
18.27725932912691
16.113811784770963
14.312661427530614
25.356018177270244
19.408619318215255
50.20746019315393
53.955699057793154
29.701640815134752
12.880971979942906
16.852269676637558
15.833879397353156
13.081003404255403
15.395968967545528
12.647602199786764
13.872704135151945
18.24287499125875
16.262619682011664
10.157790833585745
12.00669601590907
8.547559621706773
13.102139257608176
11.364530954970027
12.72184567509783
17.536044653583044
13.210014891982706
13.308985971822434
40.015272731951484
30.71606250522247
13.068043878422882
11.03338141097992
16.34147978089346
11.095929807973022
10.196223447479701
9.92462846773137
13.303205972340566
13.251440274582432
14.325364452167076
9.970363090514143
16.127674618396323
21.702052582752128
11.077387301798105
12.759027155537849
32.32482294416578
31.76527013086664
12.21448264454053
14.626701975770537
12.838354879662008
16.33412812044241
20.494579740574725
13.736187961279455
33.03769513775578
13.355811971345945
17.971590276380564
13.589385759454085
17.143641617355946
12.814164427875344
10.963972827754889
8.798449868527083
10.534539632442213
10.923733212807646
12.158695905716824
12.311214681369282
16.202321105651976
14.298296227308407
29.701529825971253
37.41462110936424
53.31166253637411
48.83827803611335
34.29214878455794
35.711905130815744
13.296676660169378
7.5405915621518895
7.174277606659434
9.524077479673384
6.409249764129094
5.869209851942761
7.244686886420002
6.957545314142183
6.5812928780352715
6.186842325635801
8.764269814046974
6.708234999977896
6.227975651220764
6.716421103378958
14.514292604290896
16.867501338271392
10.532243168941164
11.699870222450631
14.269544030637501
9.1202395126412
9.338590994596663
9.63203362448635
11.249628417013595
16.216043423510364
12.377610903282054
12.69407896331497
12.703445307546827
14.49357851027078
17.619372364083425
9.82471226516893
15.700584318805825
18.210433150448043
23.644960057395185
12.110784843399237
9.415999781061508
11.941692119346282
9.967916526320277
12.434442074816765
10.506185327874737
58.321710036258814
18.769440374050657
11.088863239187683
13.603734450829535
16.098354144619872
18.351264589920575
14.764791138817152
13.062917338810028
75.06366224821042
18.86418348115879
11.874787759772419
13.609788461962456
8.282578458783547
6.484702026447255
7.2439191156770635
5.581189094460921
8.437849084105332
6.153847029199786
6.084338860265885
6.756919434388622
6.0861481582365835
8.292677489306909
6.719976519814268
7.988302333513244
10.813678346372077
14.434491642126549
15.565754213514511
16.78657507947409
46.05499715009728
12.068997153870933
56.438259636653015
15.835582137585334
68.54933975276877
20.12784998524301
68.13416412386036
19.84723931178822
24.676632967291656
19.174498427686906
15.950139533807294
18.013559912669525
37.95925704791968
25.16751769544662
31.967619779169446
13.947566653158326
21.306536453989413
37.64812315209719
24.76701762895507
17.06755505066581
11.40888665251826
13.666717067184985
17.733548833187932
11.381281659578406
11.364107390577045
12.563699803197286
10.911854578084087
11.687237896782467
13.362841901030263
22.028739402974697
8.984970474199484
15.123496896691735
15.891712721212697
