18.200824378502638
13.873513455026906
45.3771871071012
27.733494452354016
21.438348749141472
13.052137624073994
11.037023696112815
14.20956311214756
11.67002423747227
12.482953011802325
13.725295270126331
13.019105075418187
28.36677307935528
18.664918449647338
36.77181529933192
20.178191375116455
74.0335518873756
63.80871781975642
42.78784323005813
79.11448035057042
81.18358402645386
67.87626366387575
28.627130898386802
22.765729890317687
19.95169333614017
17.30592055172666
15.846188088101368
11.824975370605177
19.306179950607856
72.71210213279332
13.124066844360511
46.41030939602517
32.561641214515866
20.057951944477942
11.728132762668684
18.1244242239648
16.0691977348736
12.734981212072274
15.0072934238873
19.750418920964282
9.8513969566621
10.552202736208
9.34035110459241
7.199655331108998
5.85616293734882
7.723435874058584
7.314216871017941
8.36345904123286
7.591408848979825
7.743085465307005
10.186986383025149
15.109212328761377
74.78257010557488
73.18010438775096
46.261647398284794
28.169076615667194
52.98670590576483
27.811447033578002
28.348835152718895
33.953320335457626
12.577469028149297
13.07983629462762
8.864365380062731
9.225415283177274
11.645805219523949
17.887604241183983
18.00183397335451
121.38497775087478
14.193341978219037
18.60756594796224
12.153036768172143
39.86728113948511
15.551510161740808
16.75643021198022
12.315253135268197
16.02390026690505
17.490059559568508
12.083936062306723
15.391680685564348
11.202631405065846
13.896645780385125
18.665141720218607
15.85789213297551
9.047799761947553
8.577657366580231
7.17348934455146
11.177431737383456
12.592539244253599
13.436716074684032
23.53890533135925
32.059710444480466
56.45842307898235
20.854785524963237
19.811597493322658
12.459261054646314
9.769080291870583
14.6609704640067
12.834211613357521
12.125955545550472
9.778187506024866
13.536905675852323
14.933447780939353
16.154454951778636
9.909932719280468
21.67577003261628
20.715239978736562
15.234289412032956
29.25111890804501
49.35463027243978
29.131364325045883
13.619379980081671
14.393210174439156
16.010221991262387
19.35308168635435
26.59695586819134
11.684005974265265
43.462277736942866
14.459545973049993
13.587192399813754
12.623678239612238
15.701315066099477
15.374484914416048
12.242746323752195
9.71584262527685
11.070460993139845
10.751471334984672
12.92096561300667
12.702302576963193
16.08296546918354
10.16515289947372
23.756857326659475
32.863384879344
17.30269907969157
19.877561197527815
16.22826804407875
29.061911413633798
11.049570857473892
7.59165373051474
7.073593215155362
8.976031285453482
6.395882716262346
5.678378861359486
6.83244580919358
6.477818111744063
6.169151795630135
6.362417033502991
8.046413062858857
6.458547818890097
6.089031848541503
6.524164855535323
13.866526905827726
16.11616766776159
11.162622697129546
11.717098572615518
13.77325209079622
8.925739389580206
9.263713568033447
9.670807209337651
11.333428202479267
16.112784578582183
12.813779567023639
12.084413717167093
11.510585534285742
14.441387004166323
20.11464474435244
54.37158046572273
82.61501937637524
104.24776398580313
18.13948278527036
10.567217718878126
10.214775801167796
11.710301432785714
10.246649566143613
12.285010274938143
11.53116489182244
58.46326112445911
21.28936386477406
36.656423572232256
15.054707607347208
15.552856132299727
20.06466175847238
19.048655708617908
13.408915404742258
74.92944528316613
23.819656008232734
13.500896340299397
13.58075703520516
7.947209164088507
7.295601211924092
6.951692975613515
5.594380649574116
8.611004467691636
6.79910827943528
6.005070471927681
6.747410490056716
5.821369914962551
7.271803055088556
6.388300045304757
8.575770744398318
11.698571131412809
14.956068491358641
20.584289792659654
16.057914439529345
47.49762246409364
12.021751756270618
16.753572940271095
11.329728028615692
12.662026979423416
16.172098939293846
24.11795339057662
14.116803640211028
31.83497898318933
15.065431983251555
13.3570076775151
16.804101343463945
9.978018357487164
13.601511263756569
19.797197407637764
11.324137941601444
23.84414307113137
67.2734680591059
11.991408965240982
9.77982934899617
9.706683356371627
13.150147851160755
19.23071568774268
12.007292593601676
12.402874566736518
14.324750220588403
11.626178778598005
14.194325611474724
8.57617630802293
17.00576230691612
9.424103321459558
14.085410655799851
23.342722370785076
