28.4884735330336
15.451923817924973
77.88201385327329
44.218842997498136
25.293760909489002
66.57371873323217
24.135209972454078
25.473539861100225
28.48253676475083
16.078770618489198
17.323933834860615
73.74738691604772
65.36837576492174
23.36162800116212
31.85831825277329
82.53465405687334
48.83829222443031
86.30954257653843
33.217693616870505
53.62773532450216
51.46656731719723
72.5262595595356
26.005670427862682
24.344574611728028
23.767173490553542
33.65074999385378
19.274831723020473
14.994460411767637
19.790188713276333
49.84570814739767
11.687937615759397
34.885661759942046
35.69200221656421
19.273857487804428
26.521610160384526
20.357617134005466
14.38317778419983
13.170827085414652
14.003389280995709
20.519916875598735
10.709715146826362
10.849349534200927
9.158144642490123
7.279041139216583
5.915197040279538
7.891764477441896
7.385860550368437
7.610221840331415
6.506790237040857
8.513861462895873
12.302514230590685
13.89491548627746
20.329525315981805
70.58842955930498
46.9937475701263
22.646403025856976
47.527911612456364
49.553514285957725
50.62302507383224
13.879161172406846
11.785091065491281
33.60737389968093
10.969214159313644
10.680909485540225
12.10950127444479
20.134968484375715
24.63982450190192
23.81730160763321
13.713355991234765
28.3352392355025
59.00543030506339
54.39765949940006
22.9991115434133
55.28476353772381
12.387175217685517
15.896328581107701
16.10551997382955
12.019104565561745
16.145418742829246
13.088919956699323
12.467559312413476
16.26242559872859
17.29694228536779
9.005807870036737
8.622241245628745
7.613616744474419
13.648702950955643
17.683546140017093
40.77275806433217
26.35719127105878
34.33356604358293
54.27943958691637
69.6352922515368
48.37196292647209
28.6530850617292
19.060598050015333
17.57978292849893
13.502336963853276
11.457294564531642
10.039340709340848
14.729875342213715
15.253608005086898
15.727822572310211
11.17390753635508
18.52645697178322
53.26771005301498
34.95261590678352
50.4209974551834
26.698876345630023
29.253038327428264
11.558747892361298
14.421079057155977
18.377123835846845
20.388882552585233
39.19133620325407
18.281276373932105
37.89962776880411
39.16194040275414
19.01786377882364
13.675891589447819
17.579752553809705
15.677223251058
10.167364668402676
9.938614548970488
11.26879023887332
10.682083435203216
12.392350085658997
14.159447037983426
18.926779562930726
26.06397696822822
31.180964816056164
62.300975714916575
59.80315721839135
39.009343582938385
79.52650365906202
31.359799716258973
19.96073675971077
8.64224034340461
7.31800964282984
10.983770905837744
6.590425286080672
6.04957881015221
7.245565986754567
6.8143912070528865
6.612074397757854
6.2863453981888355
8.400079808756887
6.9585131365372055
6.152626513477717
6.826909775622118
15.1063936248382
16.16686201788092
10.806021939976748
11.895868544441909
15.469407587861584
9.139105985015693
9.289192056749755
11.10157410505454
12.05630913455153
17.261747391993357
12.733293517408454
12.075058400728922
12.851436610618936
14.427134322561292
18.621802440582456
10.677524289922433
15.851526163004396
18.667828437614308
21.89686644604814
12.633722730304862
9.566868375341755
11.805445682107347
10.07610262380955
12.727845849721653
10.476383784478916
63.733666909653614
18.69118068468446
10.31853415806047
12.137352389123317
15.21736849963958
16.408754109855423
18.921941656247036
11.721741396351657
32.682967871798255
25.412379603012575
11.308627528334215
14.073536711660179
7.743737156533962
7.645720418679465
6.8619546793502195
5.595213821289895
8.543168753184165
6.990862333115506
6.151658939698176
6.3780909963856445
5.719231229171122
9.548417868259218
8.442262103345826
14.498991034454752
24.6002173637173
91.71274041126651
19.229985552488056
15.324843369071449
11.737959958120944
11.771174056904616
9.386297905610869
12.950622445316117
14.420182762454854
19.719145182077124
23.693796095455827
12.67297192644955
37.84346961922971
17.411988960327612
16.602531626987872
18.52172629394043
9.976826388257022
12.865600634842068
21.521088080054835
16.105642249266122
21.785181733490557
27.582876830780986
19.25432598797976
22.553136898004556
31.040646107434167
15.062097416446678
15.228869223374012
11.461712562998688
13.154969055750389
13.526021281357085
12.33213354460048
15.087548377920855
11.26265087189197
20.19040723668242
9.356165992530682
14.276742992547693
19.6666527136236
