37.56151899233205
17.14946253449138
85.0695433346841
26.849144987598862
29.536102790824412
18.31017867633466
12.188621501760867
10.858332087667996
10.623799233016952
13.033511389993334
13.77010345475848
12.811712657156276
20.994187593044177
21.943664999347003
18.42575414981748
60.05301221232148
59.0576723417894
72.65389064348415
70.88623831327106
73.17456385398647
49.34397315773036
57.38506056118848
33.84416764078613
65.9244625743018
26.6626140588415
35.75553621555318
16.457147834597784
11.83812442421611
15.499877169551668
88.05721759393566
13.686191250297217
50.33205165339356
25.90287217106523
20.148928634597578
14.858697655626703
19.620801280995913
19.086311242909115
10.769093615841019
13.554507337982486
19.165654289081235
9.369493740517573
9.88245063287387
9.057517328545364
7.590302918781564
6.379629345282888
7.519903666715333
6.610536273925416
8.889251517961053
6.8217635523826425
6.219346576501817
8.62673290111361
12.860358300411457
48.68256541861719
78.14886576260535
39.67583233500214
50.14859311871233
44.25043362662549
73.65083043092692
32.32955805095629
17.598234813145037
11.684446412133873
16.63939463055203
10.280224932710734
10.16336614660693
12.306020466012049
20.489153298226494
21.30531325659802
21.24034117456195
11.246546142091773
25.08489533768037
60.32374440345848
93.90683132653895
22.88817371391689
26.348429485033467
12.73692662001519
14.589769253448239
17.380043229983364
15.80249597007939
14.860688137611987
10.93428069006567
13.725071090687864
17.152624337412842
33.67194899625097
9.672723269844687
10.863055320183758
7.770648902497836
12.899190713246274
12.279098867358524
11.466543911037986
20.825356708388906
20.041525715443157
12.319583984115951
19.615927064638903
19.85675236699062
12.542681253248357
9.727221190768379
13.118184589764624
12.204760850450835
11.5084741733878
10.159111040935214
12.862027028338758
13.206389998499489
14.250976658837674
9.766811241733125
14.95361861195171
17.713482987598592
8.900599679992535
11.864342417934827
28.78073728785548
29.637736175627158
13.244929295475833
14.92277364417424
18.07311915341947
21.726050489985685
27.51639717455202
17.62028354485479
47.31281208780381
17.883245467388075
16.429151101450486
13.098676248680029
15.03254362957807
18.13300262662788
20.39404328375726
8.863805521004988
10.500149052758985
10.970018927333598
12.15763499045752
12.238822551583075
16.977541139293397
12.553898998592675
28.710600155229695
27.55068914513214
20.734393444768212
54.913646932338644
57.83021640908591
35.08536448467442
72.34656549466114
11.241823709853138
7.142227317034548
8.586863301502488
6.433334613442997
5.78384944095417
7.187235051311879
6.70229011958189
6.309128291025415
6.2284411684407806
8.227985383339094
7.343989762977029
6.138334433054856
6.233259566849311
12.5700759732302
14.966585796913073
11.068260984930017
12.262835567297534
13.400974318957191
8.959224183799188
9.324347927285256
9.97873479545106
12.039437795611327
16.23378532618753
15.303511025046365
12.232252052893747
11.241959696985225
14.14182756376772
20.435845365831632
10.294850919175442
17.80330547348731
27.96054011400488
19.294003401075667
11.09863752614482
9.607189150973149
12.039034443397105
10.54961723208761
13.334266440692987
19.943975094483143
46.865114105521194
33.28976983029966
72.4399449073558
44.004410682037395
37.4359104584145
70.51416677365764
21.60741751446379
12.915080261577478
57.65815622725727
68.36131697447615
26.631239441576746
17.796364789230623
8.322262548123621
7.79250157505034
7.000411656136888
5.607226871070614
8.669112008041594
6.717794496267698
6.022714247575502
6.705639460834559
6.330016980005617
9.810480312576729
6.928376879339936
9.607406451989155
12.479399115236019
25.441529422390396
59.123298326251366
18.424643535449086
44.42838690204123
20.702303276347944
11.006117973532819
13.982184053834878
14.096868002548618
24.02452031395762
28.1025924592417
18.100949579372504
36.02628903755961
15.961944361370104
14.725684013827312
16.116445083093904
10.264043877643637
19.727203189385744
21.046745044611903
13.3976882401962
21.51799600698169
47.497043246233545
13.426457274789422
19.506150313594407
28.228322862949177
16.767467986501643
15.050211238593196
10.52920816105135
11.687890701323838
13.224547920007621
11.113996275609663
12.517531564394924
10.894918431193704
16.2538234754237
9.634657183995003
14.125341964135492
21.336011242210898
