17.4806
59.3067
98.6863
51.5169
38.8712
18.7077
20.863
13.5785
18.062
17.8238
27.2381
71.3778
27.2503
25.2424
42.3407
49.5156
63.1051
134.774
60.3728
62.7291
47.859
35.5698
24.6571
33.8677
25.4218
26.8801
12.6583
17.9392
51.8309
47.1842
35.5218
68.797
20.1739
22.7406
22.3712
32.171
11.6625
17.5888
18.6928
63.3155
12.4197
7.09995
7.27294
6.34954
5.88137
7.6948
7.14705
8.69208
7.53496
8.08129
11.4647
19.5172
62.4361
116.518
35.6421
48.3172
44.8546
70.0852
32.2197
20.122
13.3757
10.9986
13.4772
18.9541
20.4742
26.3543
20.8557
23.687
41.5412
57.3039
62.1213
117.513
30.1455
66.7049
8.90132
40.5636
10.9213
19.3468
89.3685
14.0863
17.417
18.6531
25.6958
7.94195
8.91741
9.01688
12.1784
16.2871
41.7706
103.594
51.2171
49.1133
40.6213
21.5639
17.0702
70.0193
10.4741
57.8616
168.286
11.7496
13.2809
12.6009
9.74825
11.9357
23.5305
33.8377
38.9155
43.4954
123.375
103.321
16.3347
28.1902
20.1455
33.2836
17.1444
59.0769
28.2702
14.9862
9.59525
16.1358
10.8421
15.9673
15.29
9.03392
9.43437
10.4945
10.7777
72.8072
17.7603
14.2605
41.6621
41.1872
47.7173
44.4188
45.6021
24.3148
13.547
8.17243
7.12122
8.63201
6.03923
5.74875
6.82125
6.36553
6.43612
6.37114
8.64442
6.725
5.96003
7.35387
16.2335
10.565
9.92388
13.0309
9.2138
8.59498
9.88256
11.0281
14.3267
12.1005
13.0552
9.28033
14.8008
24.6507
21.449
64.2754
25.2663
29.2913
10.7056
9.04963
10.8938
9.4622
11.8827
10.4229
14.4613
20.8975
26.6949
46.7246
33.0533
33.3144
23.8016
15.6439
57.6855
29.5706
20.7265
12.6263
14.4758
7.57508
6.90237
6.31374
5.6836
8.46904
6.08317
6.03665
6.59351
6.25516
8.86627
7.78269
10.945
38.4539
38.8406
18.7212
23.8279
14.427
53.7489
14.7391
26.4254
31.7941
39.0399
24.2079
27.2274
14.6084
12.8648
15.9471
15.1155
18.2381
26.6592
24.6762
14.4045
41.1738
49.4532
19.5535
58.775
12.936
17.742
10.402
10.2186
12.7524
10.5016
9.38758
71.2245
14.1421
11.1471
26.8235
27.8156
56.692
