13.272744329412351
33.468333077785914
68.76651570458012
35.3134847657005
23.11039479261094
16.149742236741417
12.424342070377255
12.532617288616251
11.379827258007243
11.798181379498834
14.537846984833946
53.5425480515918
33.27894909801221
20.00792200078534
38.103700525265005
25.492902991990956
37.96086004959613
147.64629609833372
18.041550988636057
52.73747053026514
25.379606512196368
18.945977951669192
16.77737446111352
20.1470803207055
14.534901584932692
48.26526034644453
10.518337746852525
12.7102100027837
56.35098958175429
158.05303987148758
71.89873487237077
47.56438753624309
36.5896491270296
51.51091014193267
68.49836277993093
21.708685240071247
11.42965124499185
12.941189859050672
18.601473651018864
130.3473448593885
10.034297539702107
7.2847699925321425
7.146754052211865
6.381537254669212
6.079319286210609
8.215967609490926
6.599008399344703
7.864516123913466
6.567302303702914
7.640856499070142
10.408435549605821
18.290590802290534
66.6024380314992
153.80612093334904
18.10603705803578
61.40856274930217
22.569597758310625
33.34330100707079
28.21982173057823
15.916443323441646
12.832254439131667
10.5270386151991
14.922950178845099
11.366485124002345
23.761462963685823
21.9875786875309
16.775851365190814
17.54168354030861
22.17914559847086
42.4455605053478
52.47226901671896
158.37075355949307
46.95863117973783
82.99613393137793
9.577408676525584
62.10927020267292
10.399060593576452
18.01801145005169
76.32806222924665
13.936838478625345
18.09844216749428
15.943573730464868
24.306110013057452
8.091349234883696
7.733691018092424
9.04402290836564
11.896836073899603
21.62826733165023
73.11506901049198
117.45750699444011
21.69897986355384
99.65158773464712
37.285054782287084
29.12154629812456
19.539182584532
65.16883047982145
9.836405096792427
50.94147267331325
166.40552047423077
11.911602813129477
13.723970935116029
11.769995505457542
8.812142382262618
11.833199137610533
16.152514561275716
20.029857986969464
91.2814403890005
43.0969475103781
150.55302999306778
69.46648060196193
12.916557919682088
21.4960024170244
14.567757983938167
30.71800502071517
18.02282520470348
94.89798096948834
29.81386843404032
15.101171338232916
11.102208554546323
10.101351166713847
10.395040323756561
15.353625486489548
9.025127496996678
9.032612992396304
9.212936772657498
10.444912873946535
11.88155574309281
54.32758994279299
16.434265180710753
11.550874646188769
33.36539479664378
23.74730026399196
37.8083033176311
40.91072047021844
25.47027752356993
26.44259175272651
10.032006146571412
7.658836577679001
7.1121918997429665
9.045707605434869
6.018581368858233
5.845526818877655
6.796039411328065
6.152307111763617
6.253789819999159
6.530771678064011
8.687022379875383
6.7676609239165275
6.11630497654718
8.267090427147528
18.17288896415713
9.997130728551548
10.187035114508786
12.565419060550981
9.62911779547574
8.55876541251833
10.147377731649902
11.671960948946678
14.491766005704514
10.894124193943336
12.783955253641729
9.360172785777047
15.36566124270014
44.52509736002666
45.76691518725508
131.84236180744915
54.611451572934236
44.04014560227386
12.356207853403811
8.952024748645123
10.691286591375649
9.066136792431426
11.675361474246195
9.812587971802573
11.18937658806772
20.51363672607725
31.221203927496777
10.311029741395823
14.147912001907375
19.641617320892163
17.720031003302672
14.651794071038575
64.99670138133233
25.453897161658777
23.385423512470275
12.840672459093815
10.119794776716684
7.2594487316607825
6.919792273361838
6.218077645955074
5.722397239538428
8.609525146556173
5.9268857383345575
5.7181993708669365
6.650740800484277
6.112292240027836
7.4825827277579755
6.494494343906893
8.464197069553164
15.965188351125487
14.206674571636455
16.55940647414208
14.838456131165197
11.823009928508496
32.67914069248953
9.04287943748748
13.95809325577896
25.701661654338555
26.394705143504314
15.145049092102456
45.23657000644859
14.11358541129988
11.81153274895199
14.075017228774527
10.667660937294485
13.101995576439352
18.227759009602288
24.1271383950828
12.157926871958162
44.52378888701438
39.49760702868407
22.30541200345624
71.89155562651065
10.483975851700546
18.28271012427395
10.62526029156165
10.502694163787861
12.079950254301052
10.757226320830284
9.210564438919477
85.21098421236151
10.672134141484952
9.624003666198574
11.132494422233844
36.14664891405241
55.385555220816634
