16.08135793844316
69.73636263576036
115.53631213077973
33.82122961914569
80.2968337840779
37.53396359607864
20.86420418615546
15.39981075133595
25.943684396482
64.0517167708531
61.08063180205586
107.69221835961986
34.43468037073042
34.41061140630833
24.65656155665813
43.04945415436362
63.718406786004515
66.82645221471749
85.69681534807164
80.97838146827687
68.98892478105034
45.58057698067501
17.698802877357558
25.994525673995913
23.822449142482025
24.611394754505838
14.736211608284773
32.08048382461083
49.31099031185588
52.12362769506365
28.92225670863366
63.00376716842718
18.87618375391301
43.628059592419085
18.987151007383613
25.20321244554378
10.72210413741837
14.516374623918644
19.577854134716773
39.05698296426035
16.468725152740124
6.948724127736916
7.568815157850878
6.346867020969661
5.592119205765261
7.686631747316705
7.331632357263323
8.050460959381825
7.403548885384152
8.648225599367414
14.527812799545458
23.90060971862665
89.2773225488784
143.07514830085958
33.04212724528244
73.26217545855503
72.70502412595812
59.8284013452777
29.321103958703404
20.70070211009628
13.765470080941837
17.24771775955174
14.655647557280624
12.872679434395774
23.69034803921839
25.731767196567777
15.401627514235287
48.647222206225685
17.705182794091677
90.58909216098935
81.19714568170251
127.31729983077241
65.09945598124642
52.257245637581235
9.399723230768394
63.79903811442467
11.029555316750969
19.49106649279953
96.2417647174672
14.092545207173783
15.589350983950087
14.747024857204005
16.970973018109568
8.345877954345818
8.015176146101744
8.64101207452614
14.197110220864603
31.594912852639833
47.487982195403525
92.93828831187514
83.24030674847911
66.58404087488819
55.70879651491476
35.03394010089939
33.569728250605515
64.55396953018379
13.660320477078699
68.081758185961
173.00270380656517
12.73450856488776
14.072730670329829
13.55604829314868
12.239389677030712
12.607115310152615
32.25012050132241
22.396789300541805
38.20033617666879
34.2674877479154
159.79077664637032
102.61685050520666
12.174422534461076
20.273183192513958
11.164511896366527
37.347793345688864
12.530827373662499
89.18718667514187
34.6761255110505
23.68895170759458
10.625884952811948
11.944579865535422
10.541880812879159
16.57734902656605
8.430019250772526
9.285581798770641
9.190916281719936
10.652575599507138
10.18990772476759
67.2071776827437
19.987376445253553
15.316712246732468
59.958195454559664
74.30980221241757
85.13416831873245
67.1716516349608
49.58943422067518
25.43475446078055
11.186633187298085
8.607904015522491
7.424942665943069
10.183363527567366
6.214780127927447
6.291808774406504
6.81557240999384
6.658476354232911
6.696058464537861
6.376760118965107
8.844339451978449
6.796888911387705
5.880559457832595
7.887759694938418
16.908197055949095
9.631828006778566
9.99417941340436
12.948809503801428
10.948085670807398
8.814830792589158
10.342641305691389
12.247918553734287
14.780289568433298
11.34265074128462
12.50559712383971
9.195577507833297
16.7663609790469
20.377286123477393
12.696629649861059
39.85274431401935
17.190944825900875
24.9010185013733
10.337379639686333
8.825819935682162
10.852512519726043
9.043286540747687
11.620465477037522
9.777030899363663
11.80985022635478
17.456772141568408
36.36775364951921
9.869691491002495
13.745716407264267
19.287548736122567
17.965615415374575
12.964614733743982
30.058535936485082
25.703409767974307
19.88377308498486
11.954328789262982
11.199381428276611
7.5085165028341105
7.402899998948004
5.846678359221396
5.6474079089217435
8.325666593977719
6.248210037333852
5.965315772462158
6.190472971824471
6.077881272619283
10.95978081418325
10.699069626560625
16.880748387215455
82.76129210562748
66.82528147727676
15.746711810230023
21.486217781026006
10.407157092972604
26.183053066737045
8.565475038803774
22.825929827715257
16.162607492015336
39.578099399145394
22.84790195396274
40.573949473777866
15.897605558443534
14.87349185025782
15.15893897934926
12.966824195331482
11.486577278603622
18.662083388961893
22.421321672373853
14.844059020682133
20.76797723952148
49.04408881309686
20.17602235852988
43.90397897647142
21.360181780073727
14.964413911962117
10.507220038797522
10.710881732400878
12.425894784788373
10.37920177244973
9.18921462347217
86.6632488604697
14.952512699062218
11.660928524477637
23.959112903838847
86.07672208023988
54.84275329969055
