23.091458974777805
12.505911011840473
70.53345737023203
27.542976108305126
26.810846888204967
13.309211578333299
17.025385931786108
11.835707393601757
11.293380568032779
13.281573299586041
12.563551157895503
12.709376376573662
19.044565694120525
21.997535698079183
26.927704141718735
20.675506049479267
27.83011490807499
61.406572925238656
14.993815984263907
23.410856969387495
48.80117108689184
34.21751918097368
17.90172720017161
20.731635271602787
21.581353106176252
12.312248740189867
15.21659237003491
13.041009031513036
21.958049102763844
111.5082135659405
17.321502199643877
77.18027416067356
53.701288704100676
66.51736379518113
22.23956510767858
21.56130758286364
12.012088264018445
12.938766096427686
17.633148925700432
21.546341109738638
9.130103071668547
12.595922137724935
8.982709357382998
6.934176440701044
6.049559312085362
8.561927766296298
6.720477309981965
7.77132573549622
6.396274455289193
7.145857599466761
9.031666709915063
13.390088737977168
16.318287440350307
63.20507315123658
32.54481691951362
19.62962252454277
27.394692007909498
16.41539800587104
44.20962996798076
17.260004290064636
13.176731207833946
17.839710985102215
10.621905869404072
10.379102097996295
11.962758120836419
22.08275443178128
24.22991847425518
27.189308201840703
14.559607544179102
29.425879265865227
13.1128222487223
100.89562553366056
64.2705888605463
22.531231940442563
13.926354106133282
16.024896020298122
17.571289486986473
12.574432454988031
16.632933746070577
12.229344805572408
13.65432750529036
18.09266285363041
19.54905053605328
9.133969748264427
8.998710541328268
7.664864314545687
13.914253870186343
13.391772504541857
16.584134339996123
23.527107267428903
18.7277314372826
44.20649184217714
71.03582744114725
28.28537803516855
32.51976916445305
15.689234169394044
17.687695320260115
11.66800672127236
10.598889055102086
9.670017320119614
13.576787091695664
13.778620591659822
13.864379808073597
11.810290103461075
16.842844661641603
28.587754083044835
27.09765484930371
56.85375581886721
58.3554778705214
27.619063853273254
13.14160065546099
14.725263184111208
19.237918075342954
25.863979886751075
35.79479492772678
17.990558323947337
51.640325232553
17.95917516685374
20.319148435706374
13.50490858141238
11.508898838460219
16.49169045403278
10.312480680953481
9.966511908639008
11.128526041997898
10.91481221241255
12.907915441404503
12.851477075216064
18.683379315558696
13.1817977794975
22.291872867825578
31.636694741529293
18.765019349670897
29.253384887204547
17.730015008343273
27.460466286892608
12.016538104949626
7.961227743917405
7.059876080227885
9.240773732690705
6.558564127228972
5.922024945731098
6.778418932642565
6.355246819560528
6.334730485400765
6.426813264180595
8.173633158411374
6.650716906434586
6.635589146033733
7.1156104131351885
14.770709887917159
17.014912219618253
11.399386160614826
11.81663795917016
14.739430610783062
9.12353595317952
9.33141755798856
10.669637884514879
11.775660197654185
17.851994469538322
12.367443106196855
13.00993934574567
12.582590327781055
13.406143243353013
36.607092670854954
27.256951568597835
19.486754778423208
101.6277207573694
22.646566574606528
12.122197877246691
9.719261727141735
11.903740902795375
10.266346845796258
12.68807977775542
10.822414250166396
70.18012269947
19.355960336912467
10.571718567495656
12.795368778971747
15.157081248799871
17.322483650638922
19.38118685824319
12.242309481790668
67.81408542455502
26.107220022843055
11.936196843460122
15.652611381053182
7.692079167824337
6.994543469545767
6.796963193732428
5.591135137635667
8.651281956520775
6.7689182506048216
6.013926701773668
6.650397712651809
5.859559722330276
7.558392289373356
6.5535292809069805
8.365547777702522
13.649519815371532
14.890403147513592
17.67526973415118
15.908410344844329
50.49147363824919
11.16424626004221
10.384130426565385
10.745782981307793
11.543352665993755
25.167789667647057
21.849225327876976
14.802922972768814
39.21242383205017
14.572404042858262
12.34908359144798
16.379600325931268
10.182862163348673
15.450721347132388
19.815124511017366
10.560979571237407
18.317338916075713
42.23051247814249
16.12627370347323
9.771393759580516
11.369232112764152
13.584899407901542
17.28231178243792
11.246065736423885
12.284269287734087
13.262396464275781
11.796215428889095
12.30780010971288
9.059449984243374
15.23348459919233
10.086784301442975
26.010853406811183
28.266053896230744
