37.8154479700295
19.024045062201402
105.10772664168486
35.6357200960745
25.299719594064147
20.02285142021759
11.074447566979634
9.805016867579438
12.504750810136501
11.486330635742284
12.862457468906774
13.136005224487198
16.685132895253417
19.23804575634212
22.815846591732534
22.215012395377084
68.43229913916049
77.2529928969587
32.33142481352368
77.868968606516
51.36065955519839
84.86703245166392
70.30186620469571
18.120679891796335
20.246990864024713
18.806340340955263
14.986181008698118
13.136509833449514
17.337658216910267
62.21480922045176
12.199150617464161
39.67622937247799
25.517850916010126
18.811152282688955
13.872336685887579
17.283822255376254
17.268670297116422
10.660114375916637
14.373068853985233
18.395475948191716
10.093254217497428
10.440438977836028
9.351649219130415
7.4923559767209085
6.001865793277907
8.298474070404524
8.33435221003565
9.529877443776364
6.910038671230059
10.327601902061186
8.360271019473316
16.38752734539528
26.303271433069938
64.97783689640879
34.32113027108937
44.12977619097107
52.42430995362971
65.15788671880159
44.6087149068353
19.66260625111497
12.850649892287839
21.172979714351353
10.081748530858096
9.357953438608192
11.690373131406169
17.630295491979584
23.270329556137572
25.23164723008855
14.496815904707788
17.487963955393546
65.67805573439502
75.51492662030448
19.117809655472563
16.480106252738285
13.128099460489695
16.86138299700988
16.63534237308245
13.195443306114866
15.360272450754595
10.532605102680403
12.457607679512215
16.363167680243585
15.703144661483405
9.050844945951654
8.536464641278865
8.326970218452438
14.02930482572532
13.222575137075628
19.67683260038731
33.00653396422414
63.586686992065815
16.86484306206316
30.153405587248024
43.52241543289151
35.07291258751578
14.942962387354035
15.899526686176467
11.221829710467839
11.106921658998363
9.393083495312442
13.959188057255293
14.092938127722544
15.718028879815988
9.706236468432024
18.070471434073987
18.364940696510804
11.303906370408372
13.190166057179939
40.56544828149423
20.031595949829853
20.93958998843151
33.01004392387823
48.046275203702855
27.45631036912117
59.124662973657834
12.383587078652054
27.714129960311837
15.136501769504852
12.808583189468905
13.027186142995253
16.873584133983567
17.453055113461673
16.065330522512454
9.361589237169147
10.937711523579996
10.813373317982485
12.363436330840498
12.837081805832621
20.31401107500286
16.3303807847929
23.169192862801356
31.796921943871407
23.790222048053824
18.00866930722722
33.52749967712554
42.17999831726039
13.98554894325032
7.695145439757168
7.108249072010746
9.136960767957426
6.5190608850907275
5.842562983448654
6.98034889235318
6.509437630090308
6.295863620040259
6.407583771051001
8.25733485835041
7.159811945988144
6.102242224241353
6.344051701211428
12.44988306902102
14.624216371599308
11.302454033748296
12.338465207276197
13.421777502685812
8.950382086350693
9.370122784285588
9.734723335154323
11.86713155958563
16.38427160238789
15.394607793530888
13.151072359326605
11.658365511703815
14.207669817069906
22.53873354176701
11.716734663902875
17.794331925882283
23.049043100132216
22.23488176476852
12.784480506614964
9.892304864857717
11.641541008206586
10.721886940542726
13.416574697003968
18.694824355539648
54.83386375912946
20.994210096650193
41.09243724339324
25.84512606408473
32.7761642407764
30.056752989576626
17.738368549102542
11.835556366015155
39.414077225168015
23.749554242264157
18.882418666993185
21.4626680056544
8.192361564651502
6.73243745640724
6.800356356619862
5.584499095333705
8.667320504350567
6.910594332740213
5.971034600925261
6.682831603257034
6.1445266017316325
7.560253832061396
7.012905775953336
8.871298324639664
13.415376790863883
15.278537471435632
18.919034867188294
17.289747272922025
42.21960017706722
17.523224647655884
12.084485579395057
12.977821909802657
14.093226725590524
17.570848619225174
26.904647778524648
16.217658830219595
26.11636558446217
15.20997545293893
12.847868655084532
16.139919646385614
10.122219495512356
12.879684397890038
19.853362345329725
11.023848267872255
19.68861572519213
50.52785062277108
22.036303823699086
21.389791513651048
32.030078927764
14.454053331443687
15.49302802798447
10.748431945157252
11.763535302463964
16.282624903907656
12.859435466204664
15.948441081131003
11.883877803672265
26.975700945506752
9.729307520862974
15.434387175142785
20.44565526085053
