18.309271253356993
66.93889769133467
109.93539994041072
46.42401361070905
17.52108183486287
13.381133096107279
9.596759324872876
9.413353614299771
11.00377323867169
11.05551916207371
16.21652508536127
54.84163272464723
19.201596180043587
26.567726704772035
20.924088046013598
65.14230929971936
83.66305263084405
130.046970251427
81.97818893819019
69.83442354044709
87.58717220790875
55.18848422507796
36.29678711910149
47.49602280155416
59.3791187805325
16.35521902393452
11.971659434819482
20.05396631638615
52.35949168806829
27.79306069661441
31.232797041120996
66.0730712185649
15.51545487433072
16.347220508500065
15.568104761153904
30.93935955040078
11.842019133129112
10.744038920198522
16.941318231133415
70.15148187079646
9.893345592618736
7.063594081236883
7.209017638401355
6.211093522779732
5.8586342115377885
8.264859015450359
8.561745906770014
10.748499543504485
8.041934547762846
11.789549168966152
9.77718297159426
28.029773715020667
88.04652029326948
149.184502782583
41.626361311773465
65.10270372387595
77.87150323440585
84.01281086434274
31.089655262671418
16.36368301731529
13.60130356848036
11.373526376514125
15.76898925147662
10.295012033178413
18.77082937607743
22.2943795451067
15.707616905721684
13.36641414083925
19.459313469865545
112.54830791294836
83.72519265356974
161.82817805775312
15.142269554809202
58.96033586944592
8.409095706554245
36.706210527387384
11.21783746595328
19.13822833484387
95.65955812756431
12.082584229970486
15.571584461148108
14.477950263968179
26.903319126315054
7.504790553105685
7.773203998619209
10.348430021721306
12.738582101434613
13.616023225225435
56.56691045573535
31.76670096361452
46.308981993854474
40.83432797396769
121.3079186150745
20.844069963112798
16.52415704254296
68.11499336277797
9.306331016849649
56.00374688900401
173.46367444482686
11.659365949743643
13.79537565116609
12.62999156320458
11.190013773490946
11.101409602555066
22.641797677185448
26.55031874676292
28.73204506653463
74.78920760274094
91.2974739006531
71.52262029464268
43.206096881666184
66.61622563833039
75.5522798927637
65.57968122559431
26.972592005865966
13.5115124069087
32.69328471338939
15.19327438167226
9.353585205140016
16.04956880398994
10.690300075861595
16.109153480328526
11.08337187599526
9.07443923433824
9.107398560779812
10.35371924548492
10.727297928339437
70.25471578152623
16.351623263836384
13.991997132838247
29.910234476643033
22.107643285245484
22.90566636973326
60.32928314802751
56.18394175759577
20.813682742111165
9.688939269496007
7.3571799648836524
7.092725607551423
8.929083217205772
5.887601691912777
5.584427398864491
6.919304981198014
6.2927012800991315
6.35822543132455
6.432052129306274
8.508174949721594
6.853191481175394
5.812900402506987
6.93268419154576
15.213649636098399
10.522268742698632
9.975451970549292
13.298576026129437
8.380902463505777
8.633733316335185
9.709812404881504
10.833990115094265
14.669242775410753
14.166288523713895
13.67044730824804
9.186414262906448
13.524006300389535
26.88989396341446
15.657610044638487
55.94377609878692
19.17512975286882
26.94906135650518
13.653353537240253
9.421432250388797
10.52792139537969
9.285303780317838
11.960428995674526
10.876475516024223
18.006133943630793
21.162654340727983
32.834519139587215
55.836487735566145
87.75869870530161
68.36177850781539
24.165387691085634
15.929028493178576
34.75115076996614
23.902688370004668
18.844701324942665
15.299753951439062
33.14491489275359
7.487857689279819
6.62026045046839
6.213554188886723
5.753665854836261
8.55667762043137
6.065177172761436
5.83566566169764
6.706779479323858
6.332878542533921
7.345887165414659
6.689363775809192
9.20828188982353
17.25450779207928
13.90820248643638
19.218444957169005
24.363536081452995
14.14812779265241
45.68780005556813
10.16576668957463
20.47553688002825
15.824617018091903
37.38001948018341
19.551042731731243
26.52338882836558
13.899944283731685
11.71625529330214
14.151572898689736
10.144660754768216
11.445292473203919
18.740300450468006
22.29334535090839
12.424646335355094
52.41008470016841
41.51682852033926
19.556242731273016
64.42893067576311
19.829465354775614
19.54224382405829
9.809572816853715
10.474570847117853
14.42381232403413
12.557844997602832
9.263522051705651
94.46160250421205
13.810768576984232
11.860811454652174
12.344275258188636
18.699362222422007
22.842958924490723
