21.160659962845912
82.58529966723266
116.74218709108271
79.53534922852262
19.962306753687685
13.648808576838695
8.911330780960467
10.11875115294296
10.379515917971487
13.723195252959888
15.977743365469319
48.12449600515294
21.97666901253394
26.756596769118154
84.95754839815625
66.31352397240133
66.3381013645148
122.21649019263103
72.24914468556034
56.12761638134751
44.41533896385691
28.896072431376993
26.75258788848776
40.667479530617626
33.28178409342519
22.8737758821426
13.758653400053074
15.647301256328872
51.58511738636921
31.457669858295702
39.68693558301886
72.97101900937783
15.965105446119765
17.55040835988237
16.830252803696236
35.250524728969275
11.046579626337984
9.503026660781837
16.424492913694852
55.97523569281013
9.054090583156375
6.849998356097126
6.991674973784408
6.627007646422505
6.07550419519611
7.130052819632952
6.51522245497392
9.134814409277952
7.054518549918851
6.48337645340718
10.5121618443261
17.048556529025035
93.07229446283033
116.67275865677502
61.404147403219184
46.23598459042003
56.62063401996181
57.06687908771228
20.80541748807687
19.178620336334806
12.21423402543899
10.77892395388102
11.230112024542136
11.435998908197066
25.238311772254242
18.396950743476626
28.038977198916644
52.54277842026209
16.932618728076026
68.59804473166132
109.28595124443268
112.66239158057274
23.5323337458729
54.53378721057677
7.995946324594335
18.730055884595306
10.519171080138811
20.54377536136734
79.34423324096355
12.886191232546691
17.692942354349274
33.204776123131424
15.185590815037221
8.532631555495161
8.99369774065853
8.973262596301057
11.177553431502439
11.154703806263266
27.719007864611683
161.12681128733442
22.995532804272578
20.92464378763384
13.971041549778736
11.8096945099134
11.392989346009761
87.35064668843805
9.878904723793449
64.54662224159289
164.97787163153697
11.7323790989341
12.384941698119773
12.08687070443364
7.712004655264658
9.644370886095597
25.382402659895074
22.49194559346851
25.946532209189904
16.824648978551387
85.45886106452866
160.63872423552417
14.05680096873055
22.142010891520393
12.648830365732843
18.49308110276731
12.983920693462835
107.54975281837777
25.888218163957667
13.23888258186792
8.98643507291306
15.357239478138634
10.788101010817437
17.904605542547575
21.719477260561835
8.723350001904306
9.084457685502912
10.778749420596736
10.278121068343175
78.89042095180173
14.230904051245592
12.948451805906029
33.38682925532042
35.70407660001673
80.18943441438238
56.84812764776782
85.91649963485517
30.216747969367766
41.80445311507137
13.23814417115154
6.93143632394655
8.32026524137417
5.905027511705687
5.599627955589605
6.855239726991706
6.496130299181633
6.355886437186351
6.21928137320903
8.591618114241632
7.059662663592257
5.863027572018598
6.83420177992691
15.435511544988618
10.514458827845164
9.545542326980424
13.063631821304373
8.497358879237288
8.988327965792077
9.714376832812997
11.03276117370803
14.821138540907075
13.647633401269982
13.252436512600354
9.171682431760177
13.36932363241558
20.4133189907191
15.456972782116818
35.064197693930716
18.66436815022286
29.956753230372605
9.58377727030905
8.94728153348155
10.35146337784806
9.389882396607472
12.01439087857945
11.590444088600073
20.84651818316988
30.691832546978684
51.5266041502811
144.45280141156977
71.15476791135943
59.91168960732345
49.28534572146887
18.408087509412322
55.067916618208066
64.60550279909614
39.6173890428788
15.603790618167402
13.295844758945242
7.770787728568054
7.879126703172802
6.59121263277034
5.777731974113249
8.346591375123664
5.960033506992694
5.871450606246576
6.797239643696193
7.029964793690834
10.50642630965695
6.708617406572706
9.29416862270978
20.73735560820253
55.92562340745773
32.02264693753955
37.40161426726152
17.391599804054625
27.94335056269045
10.541484570226313
33.527706361567425
14.673254561132977
45.29479763353682
23.623295169685456
36.97464133333462
15.468303098145935
13.32820291425579
14.661134162696106
15.779573435641696
13.265778452087195
23.452931140797375
21.108830506613824
14.03316171746546
47.2920706722262
24.347532948916733
18.493266544828312
52.26752112789949
18.8135523298551
19.883477614562157
9.826416231316774
10.079319632865754
11.954476008485248
9.963355467528562
9.448966635128242
31.886224303988026
13.361836270919511
9.03439066876262
11.035636774572135
14.868291221461977
68.21357129531455
