15.772750245865218
59.80738000368458
79.411065569055
48.547513480798116
75.20423800110954
14.874860177574842
48.19171357575875
19.295370593865687
47.36858688721019
11.752957763474543
48.59783846313379
128.18869807278418
38.04560178056544
23.762049602195358
32.91836642682296
47.051332860245154
55.92423394436072
153.31097925739317
28.77078782403034
67.81641528651812
32.060967578003776
19.62212701886206
43.056194134130614
32.399784757109536
20.50612380359929
23.354053288794923
13.43730837136304
15.473192547921679
49.231794266767984
28.455158334726804
22.705849375944695
52.23552486187863
16.000507625687835
16.61507114000479
18.082162778643013
29.531553011510617
13.444145080985784
19.796170133916796
18.9627146398192
63.11366079991262
16.142782599107345
7.31212210743313
7.317554888573814
6.036134717143758
5.9578032097796765
7.4066672994100475
6.072477865368328
7.472540549361806
7.090939435105878
6.012180679032261
9.88380805973441
16.705488828103622
18.473169218369
136.6688790992351
28.897819993189618
33.21990414580616
41.42747689722497
26.9739620468801
17.387832995432397
14.829222721855432
11.45168583973681
9.761200967049065
11.961814038825008
9.080592581204314
11.239757025199125
15.565109415172195
14.686357536348407
22.840073828163337
85.0055221060044
87.80168438425531
52.05892316359568
132.4037217032275
24.458972814012093
86.43631110382996
9.245100119057565
61.96998082630856
11.25517187315621
19.3370932341415
82.32951044574051
17.115004120781528
18.06046496602608
16.126223493736966
31.706008350127224
7.650752754569625
7.972075844469728
8.181841981518069
12.403723702962267
18.85300023738724
58.56714954621021
98.64769071249734
70.06648866267705
50.792600627895006
16.118430808420392
21.987904146109244
12.749445836343071
77.96915543076585
9.313350144770641
41.59050892596086
170.74143481443718
11.401828480112883
12.353256546043314
11.714247242419633
8.149865874047043
10.585793676221488
34.20983249916173
34.3063924031125
22.056882182951824
45.92422886911833
159.62869073049228
83.51987855556038
13.904346495229493
30.739153641724524
11.919281901155191
24.28251067999803
13.133120323263395
41.44303392316622
22.361377533386502
14.27376950402833
9.249561772879586
10.989034959626869
11.848777950486971
18.373180638740724
16.602840385395442
9.219391970025526
10.172463076527393
10.681821542209224
10.625444041708192
112.07381914474956
27.629159894005063
15.019126056700706
31.6849987912619
20.705399177139757
47.093734001689626
29.65907476980099
46.95864281105931
18.45108311840236
10.202651556403053
7.435739286118122
7.215761447754351
7.642628685860399
6.241735686988387
5.618135216727314
6.791346546187384
6.336151056559154
6.800814997804063
6.281878530747025
8.715372168813515
6.47902049574736
5.736318382393045
7.145109973915778
16.585540445537756
11.484206906527513
9.878817219134477
13.265658128856193
8.979696681926614
8.557002825294026
9.789609603397096
10.548763465881345
13.775900585620885
11.975744700054005
13.812827944262477
9.447294874167067
16.252758999430153
18.715872298430725
28.97319995209832
48.48050839436363
27.88548959296307
26.697404994144577
9.40192335964587
9.059671628899006
11.580961964532976
10.395529927843771
12.63381431723552
10.866827406931522
18.424644541766316
28.605872792498555
19.047801140042825
53.162535301813726
15.593710564759728
48.62074567896474
19.28389334339851
15.608864416715825
60.405781856238924
20.325662445364795
13.656483060157806
9.551565987368615
9.62941078055102
7.843959503260163
6.202791626298514
6.7748812934140386
5.594523166699614
8.291702966978125
5.750468094553804
6.0149990245564355
6.828701582449796
5.7507466347577525
7.243583389620663
6.298025798893202
10.039105323615601
13.813745520162337
14.578255762132224
15.302000288915137
14.38812487371311
11.58278257064859
107.60577567207
29.642811718872565
20.70967184813274
77.28149938860136
42.98510205580632
38.2804944613531
14.33445344255129
14.275707039069141
12.95787454819709
16.402889020208388
10.535730409737482
11.622756311110603
18.24552848428201
29.25744654700247
12.391632298677425
47.9231022202635
59.934864659928955
16.94134147722726
77.68130795217829
9.298582250139829
17.768049775775197
11.255355276437937
10.323849258945604
12.77485135997919
9.132405908432158
8.941756374915773
90.88747597500638
12.151748326091454
11.27679121884146
31.081367288123428
12.23732072642542
69.48078072026937
