44.45039258514684
17.699527991084505
116.56106044973937
72.69664115236571
24.277067833757297
17.546167194527882
12.03514403200117
9.179896920979377
13.869184501948261
11.118104736962398
12.026759674004692
13.651903492309678
18.34570403624898
23.234901801418467
27.740810372844475
21.095647902586798
56.644538440178344
65.74936248793844
50.0725818432636
70.15431470545565
52.32113492829607
45.57634127875129
21.689871324013463
28.728933922636777
20.779347759471687
25.871296670083694
13.65737774000856
11.942365106837133
15.117956091482545
65.06848458929811
12.068274503834465
35.42288337939238
26.591006627769627
19.059568714845685
13.416084969477962
18.23661799911035
18.593305361361388
10.871862044790705
14.076226854587375
20.988421892111354
9.976825067715515
10.146249212498038
9.038284299026463
8.022631845605533
6.444446673981082
7.740388038396843
8.334801401738371
7.635993545052392
6.730875422984466
6.63858026883182
7.994285417009066
8.10134293348673
12.193901599556469
20.27219418773808
36.53839739031951
41.621781334751084
44.77079391458087
26.60360004703949
61.77070097372427
16.055377136795446
10.427369886711592
12.644231366769644
12.249496589423561
16.090342274026103
19.066743864533205
30.770762385741314
63.696777906692205
25.036447520872386
72.58543690737442
42.315963836809644
55.22174017624128
72.64846159972765
14.189638757553556
35.63675933509365
16.134216351994265
14.83928443953597
17.383693643849092
17.573053063190002
17.83850965110085
20.380955016160744
13.93329301279459
17.66955564506269
32.99942842599687
9.794821795513403
9.479103830730214
7.50057252530585
13.890128112012802
14.101670772333266
24.810312599001147
24.954742704860728
17.41146028586335
17.94184034562211
47.90898609170627
69.11762860604705
20.182479856779896
17.113821763832053
16.942593102427605
16.116565348843768
12.326132861220135
9.908783180614682
13.118613680647552
14.69676355144799
15.759535337135258
11.030543436137963
14.4662396218122
20.90463959192249
16.25797031121888
60.87668649037534
44.36193080636252
17.309694044438054
13.39185465117525
14.838808818269236
16.947305484307474
21.26069789687926
65.87546014113438
14.187724521524455
63.59518898023405
14.038568492684194
12.841539820506668
13.994845669558627
16.600705767629922
16.123662459235494
12.081897007010763
9.569328492641178
10.997914154751857
11.089711727292926
12.467802315030166
13.674016683085997
16.522357645181195
13.59967273658257
27.291011409515438
80.60076433999618
58.77064407580972
23.054695902844628
44.118516701102216
32.50607119521498
14.069833978062169
7.660527027515148
7.1995653729778315
9.37005277594845
6.630435988654835
5.926361179587228
7.2282281829315345
6.630045551324733
6.681098757463123
6.1616222442462085
8.219503088854829
6.258872276056299
6.480237722530714
6.590637219449875
13.218677222470081
15.725784452043532
10.57823895776938
11.923552081571176
13.958986824807766
8.982364172517185
9.385417672948646
9.738968453231093
11.241749950529945
16.38956394135923
12.66149692132211
12.302999090986143
12.04389059549572
14.366978657459233
20.116030143242426
10.570116432911117
15.918801644000489
19.000074120115364
17.951239779120442
12.04402622992129
9.919942686630977
12.027078879730286
10.480164277490168
12.408356917005255
11.718277870482357
48.148631945605175
20.425927463065403
11.847568892483833
13.079780065672434
15.52670768762765
18.672431614652744
16.751532308056696
13.02083967712737
73.77841119563116
23.519092248638046
11.657337349251868
16.567177339645763
7.835325392725268
6.955484490412555
6.615886764187349
5.578406017218819
8.755020239294794
7.7461836529291475
6.03552186161735
6.736043031549079
5.802177430996087
9.154037889004751
8.061641763561509
17.68321979714879
33.45558255522028
67.81188754930588
19.940936636965375
16.15630493043123
34.262872317609975
12.522056195843776
17.211599290418015
11.45773766761021
12.495074202239383
15.394915487525044
20.52236844039213
14.586809261174468
20.00682323204822
18.002641466605084
15.857491747076857
23.92570481908806
68.93691799140039
28.315212513451634
42.229278671333596
21.738017349511615
26.727939700742358
50.65006556285743
11.93780130972839
12.590321904286833
12.289456746731574
14.50375445828873
15.746396466066043
11.335573283778379
12.393211364156285
13.526499103674894
11.846083866553812
14.404849471853415
10.50838587550614
16.62689458815069
9.962614855862148
16.95643518326422
18.40146809202163
