36.95590255078618
17.482657286146804
73.59958242686699
34.46058645024797
71.45439086047679
61.77888101162893
36.26641236261414
19.94277085768563
22.002711795157914
35.287806980751384
16.523334716262436
75.1335579285655
27.236017427991307
26.717893085709814
27.9859474519128
19.98589058958357
27.906604087169477
40.047057937466
13.924064466536212
21.776290290415012
32.989466085582265
21.734270043906015
16.91417563251546
18.057009911729214
20.838499893304334
26.517126362335514
16.72255596027452
12.549127537951579
20.200288368253656
36.21839228527787
11.130007117729262
39.560308626763224
50.61453173456563
20.05123377023111
32.18274053466724
19.45617893801867
19.44802075329047
19.49748391174683
48.37543411671912
28.680409838985437
13.177895437681524
13.27057208835111
9.734993918578215
7.309586853258059
6.069401997809806
7.827625289264153
6.770488669874442
6.9291843325003315
7.121540561255745
6.76338992995657
12.012714570351745
13.094404253520702
20.312391573920475
35.23391138014918
19.91194716006271
37.41693057392691
60.41352047948994
53.43265159799707
78.0562478528942
18.02288423966276
11.615114640571699
17.43521212282427
9.40774184948589
9.510880602916743
10.951127350314326
15.862409958915833
22.765816398115195
19.60391939052477
9.611302887015235
62.143499863100914
52.74833518533848
23.17298722825951
35.69019814623394
24.57259834190145
11.963219168882015
12.698978265464795
17.446704745331136
15.074775424414055
15.943522880385716
12.238059652858796
13.767717220962664
17.885353494066937
17.83246867677092
9.836870034148241
8.311444063952562
7.989518927462907
12.757749012336985
11.507863031015367
16.15858686396412
37.37487096556343
66.44560347076819
47.958268060939076
37.00519763590559
66.4982105901174
24.19107606901958
17.262245056186064
18.47586319967187
13.95696634684331
12.008762087636685
9.163837228834607
12.821933564355177
14.611328789985967
14.697067295027237
22.012604776473847
15.936793791736424
35.058763127072915
24.28278261755346
57.42466681588585
77.97994801189891
31.505065303660935
15.12077246840496
15.347242415586214
18.923052520597906
24.143189891519786
54.920128255096955
13.567023582793624
37.50227280940723
14.964374538383142
14.841821824075582
14.746617176969902
16.334648083809896
17.524674820528862
23.226822394619592
10.146992898915482
13.45077636499844
12.005079704849452
12.391618277944433
13.84300650850271
16.636198424031928
18.073933976575535
20.696602129617958
29.59236153458453
16.59510319793506
16.70814364570445
23.807738487242
27.46543256797804
23.36327407274829
8.119506653869937
6.974558282863616
8.099947421435266
6.411497191277759
5.681529085028558
6.777505657938486
6.239736570943531
6.2135659918050985
6.350335623162666
8.368405031002002
7.0716143213068605
6.061584641877978
6.2717727390280285
11.861466754580157
12.62463545419301
13.951173866976786
13.745886556114563
13.512504941176987
8.925529599692265
9.103500877296904
9.792713526267274
11.160326249709286
16.05333021949342
16.30748077756408
13.283363422507591
12.001981551839256
14.562908782496924
23.141299220941352
30.898620266520215
18.89306010987102
37.11726006971862
20.917040094979956
12.014661913956598
10.541263154918978
11.84117592247498
16.14242423592707
14.044267039105764
22.338101918160515
42.85310585832772
33.11235156051134
13.17862078687576
36.0269819554654
15.610751225899865
58.751456345721095
21.912266690682948
12.409792972112788
42.71933137197809
38.918907415962984
20.43956245909721
22.85816525580942
8.74854774770649
6.829826132457431
7.416642560765736
5.672209287932971
8.67444487816764
6.76833762967
7.900512691492475
7.133286186145545
5.936530933946169
7.957677179548598
8.307747580786746
10.614276948811312
21.584317791239982
45.29613752508581
17.62200890883511
16.52423617152507
40.316760162225
24.233185805528
52.30822312852518
11.271838498266145
14.933491230157056
19.61954175963645
20.625857638308695
14.208972788221578
25.364717449063395
14.652940565076506
12.715541542375075
15.552389599780327
10.281628731901955
12.661656608844641
19.824285076333492
10.512659059110614
20.240688641900668
36.947287723428
20.536147400898134
11.04413172191339
10.600924910602998
13.239864513837679
17.668523034875943
10.835717764577632
12.955099814441736
12.87000201352807
16.815038371202487
23.532075496965057
18.724076613720634
28.179791797437456
14.693971068329075
61.332067357147565
25.014708386522848
