28.468428599097848
15.443601964541712
90.08931954754078
35.75782545630707
25.684430905947032
28.017053682921485
33.95130838182996
19.41212200312946
58.17443969459949
12.28838032558982
14.776515786410283
47.00345347086385
29.379106020171253
26.851735599618202
31.372337027866326
23.40686694774179
36.72015360832753
63.555450500926675
17.141605136689403
29.16959771397174
62.5964690487463
27.338764621673477
16.69808356423559
54.17082357743671
21.285128305977633
23.98383149274686
15.077772302516447
12.508652940572414
19.00282626357022
131.84571275393344
12.943126070117788
37.28690972644986
22.29239525868628
18.187730336674402
27.147000461963263
18.78495002357159
22.725288576095185
18.634020151953788
15.162585146226776
23.48102087596293
14.750786127620087
11.335218673898664
9.58672919344203
6.88719151717723
6.046242138050283
7.97303995903801
6.302328421128132
7.7239538239354815
7.13373862808345
5.846509911392764
8.736250628664914
13.409745633612712
20.71389197763396
14.002634228894006
18.444541568727708
33.96406058955364
31.657766713205522
48.8910920099474
24.565444486501658
15.805402713345748
11.961850776283816
14.667723980540494
9.02650279511668
8.126571925686834
8.771790851196013
14.317472208393548
18.94553013739345
17.419739893307828
13.135882559619898
71.28916655249944
76.596597144363
65.94020386120029
47.62029332627171
34.56105506217864
16.485871624161398
12.814217279041669
16.923950764028934
18.195252032792038
17.073409448168363
16.280753072903156
13.368666682040585
17.026672998228538
18.668890587832994
9.643456062761608
8.93530789519996
7.211040906632284
14.545890561500517
13.305595766941725
12.47555273580272
27.865304811974294
35.431284070038544
39.83170782555382
17.80383485138851
31.086021062938638
22.82227758736825
12.19340371158769
15.448403665535297
11.09985243193171
10.653881617263188
9.50603404513146
12.784673019259467
12.597733533280548
13.222793939539084
9.982254384789298
12.385242155408696
46.01554890842146
19.95605303643255
54.12583793882787
39.17224444798193
16.97119514945425
16.75384620200975
16.96757017106198
19.833442489492814
16.81722195907254
32.448382182392955
16.40919951439338
29.34291531690498
14.213280336110282
13.728997438494245
12.82541934073858
13.489646350286387
17.974359467056154
12.351327065641447
9.59748454799063
10.880509820374487
12.643582269464869
13.454305642608904
13.775968336087608
16.331874457278083
21.390997754745104
24.218753700859207
30.475919066846448
19.704643785445988
23.591375615297874
34.22649908085673
33.64461306504033
11.819129712474755
7.534160630126198
7.210250007171442
8.220739951445628
6.597507482918421
5.73521800302089
6.879575032767554
6.443933807470461
6.789294648033338
6.275686569208047
8.240589248208563
6.816377699655151
6.048491121459958
6.4484468211025066
13.513532335655048
15.833330263978219
11.577724111560276
12.007646059726671
14.149776852984234
9.15201478244482
9.328033551682575
9.69572085147815
11.574700254631683
16.830342597128325
13.896986026129452
13.018189072126837
12.704062464318456
15.475557104283837
19.61420928884744
50.93391733106388
19.943191028162513
94.76825319040927
15.99515740778663
10.791245957221546
12.067458645814416
12.61293979212749
17.010343593581712
13.117104566656268
14.090315745744467
57.45539880799833
20.195226058088902
40.50321823889689
15.327288103016466
16.256947049589456
18.377767131498448
17.679633393268862
12.77892871165158
62.088240573939544
20.736466079003023
12.288606867519096
14.373261506787772
8.547161415662494
6.583418967671467
7.728915716455892
5.580063939586086
8.463334975899768
6.390250372498969
6.4577768351639175
7.003381545314304
5.755829959305313
8.066273265977815
6.118742947457113
10.05374100609614
10.450863180498144
19.182502464565406
10.343500147153716
17.028166769904885
13.070303795344689
21.654127352487574
87.93856754375375
11.088632931855507
18.66874858179616
75.8457693101809
27.0686835028932
36.21122169839063
16.131478149019355
17.51451852257845
15.183818440866188
15.859045205086217
10.268588025796772
12.781194720170184
20.740965210229046
12.367618166368015
20.237327599572545
46.97120699063817
34.88258811493832
12.3024215990145
10.509966747698291
12.848831636318732
18.0644165280291
11.739272332988074
12.678468629400975
13.038811210939334
10.190320848272387
11.920212579224964
9.395872076483117
20.47904045132106
9.995443702260808
12.582961775769585
17.514583045602496
