8.83805
7.13088
5.95926
4.2859
2.86193
2.25889
1.50851
1.4735
1.1768
1.11926
1.45034
1.54632
1.50794
1.51542
1.38337
1.96981
3.03693
3.77611
4.86396
5.46704
5.05978
4.56072
3.48973
2.40574
1.66464
1.20669
1.14536
0.995522
1.19195
1.41086
2.06389
2.16661
2.00411
1.62371
1.41318
1.2385
1.08337
1.11912
1.22389
1.38858
1.01898
0.734269
0.704174
0.736538
0.710646
0.728002
0.767514
0.768868
0.825171
0.924825
1.06523
1.2406
1.32758
1.53791
2.2254
2.44176
3.0331
3.04178
3.233
2.81074
2.80923
2.84242
2.60899
2.67724
2.95255
2.72352
2.33833
2.12624
2.01173
1.94493
1.85896
1.89049
2.35094
1.75948
1.22971
1.03985
0.864543
0.944672
0.942688
1.11064
1.38587
1.31517
1.02081
0.954281
0.787327
0.81242
0.786824
0.821498
0.807634
1.1625
1.71592
2.2826
2.39021
1.97623
1.41024
1.02419
0.80778
0.710433
0.636995
0.633363
0.683683
0.699002
0.680247
0.711743
0.762214
0.866972
1.06862
1.31335
1.44712
1.8428
2.21354
2.33119
2.39586
2.00907
1.75992
1.29462
1.8046
1.36645
0.941319
0.791933
0.743909
0.647791
0.782959
0.661551
0.575744
0.629094
0.625144
0.663231
0.683727
0.792163
0.887624
1.27753
1.84208
2.28114
2.23983
1.92981
1.54746
1.38001
1.21184
1.26697
1.15645
0.937213
0.894066
1.01595
0.9469
0.763102
0.817028
0.902085
0.851071
0.727337
0.806663
0.930874
0.818336
0.720542
0.807103
0.756624
0.97375
1.07818
1.11107
0.863522
0.762943
0.757403
0.760589
0.86242
0.831208
1.02157
1.41478
1.57505
1.02537
0.800062
0.656315
0.667841
0.624902
0.64234
0.620013
0.785383
0.920899
1.67276
2.15933
2.42822
2.44906
2.29627
2.37057
2.64334
2.27973
1.49353
0.915329
0.721645
0.595704
0.588152
0.61561
0.59109
0.625897
0.623902
0.59063
0.620338
0.69841
0.72968
0.749831
0.842171
0.931311
1.33064
1.06468
1.09971
0.865643
1.02587
1.35387
1.61298
2.08966
1.89796
1.7593
1.22923
1.23664
1.06853
1.29246
1.27423
1.811
1.88826
1.66905
1.39226
1.05795
1.06944
0.805119
0.839911
0.893312
0.723422
0.698413
0.646372
0.663297
0.653878
0.695127
0.751976
1.01237
1.17156
1.42234
1.61344
2.14823
3.17837
4.1045
